(DefaultSC.A1ModJulian) vs (DefaultSC.SolarPowerSystem1.TotalPowerAvailable)
DefaultSC.A1ModJulian   DefaultSC.SolarPowerSystem1.TotalPowerAvailable
DefaultSC.SolarPowerSystem1.TotalPowerAvailable
29294.5004286387, 0.0946997888033379
29294.5011230831, 0.0946995607117908
29294.5021275099, 0.0946991649505684
29294.5031741977, 0.0946986728780491
29294.5042260491, 0.0946981009562013
29294.5052789067, 0.0946974561429356
29294.5063323343, 0.0946967447021275
29294.5073862801, 0.0946959734308777
29294.5084407183, 0.0946951497585675
29294.5094956233, 0.0946942816816335
29294.5105509313, 0.0946933777114601
29294.5116065848, 0.0946924467488191
29294.512662505, 0.0946914980117825
29294.5137185862, 0.0946905409418857
29294.5147747292, 0.094689585070935
29294.5158308389, 0.0946886399173685
29294.516886781, 0.0946877149182807
29294.5179424676, 0
29294.5189978202, 0
29294.5200527543, 0
29294.5211072067, 0
29294.5221611329, 0
29294.5232145209, 0
29294.5242673753, 0
29294.5253197168, 0
29294.5263715949, 0
29294.5274230502, 0
29294.5284741883, 0
29294.5295250845, 0
29294.5305758439, 0
29294.5316265457, 0
29294.5326773071, 0
29294.5337281961, 0
29294.5347793288, 0
29294.535830758, 0
29294.5368825552, 0
29294.5379347709, 0
29294.5389874227, 0
29294.5400405281, 0
29294.541094068, 0
29294.5421480227, 0.00331329131846977
29294.5432023496, 0.0946866868132245
29294.5442569829, 0.0946874900227654
29294.5453118512, 0.094688305832746
29294.5463668634, 0.094689124767393
29294.5474219225, 0.0946899373069043
29294.5484769403, 0.0946907340045496
29294.5495318253, 0.0946915055819722
29294.550586477, 0.0946922430291203
29294.5516408198, 0.0946929377284853
29294.5526947983, 0.0946935815438588
29294.5537483578, 0.0946941668952583
29294.5548014821, 0.094694686860366
29294.5558541677, 0.0946951352285553
29294.5569064264, 0.0946955065647279
29294.5579582956, 0.0946957962651607
29294.5590098344, 0.0946960005960328
29294.5600611175, 0.0946961167233258
29294.5611122307, 0.0946961427358066
29294.5621632622, 0.0946960776604675
29294.5632143091, 0.0946959214697238
29294.5642654701, 0.0946956750791193
29294.5653168529, 0.0946953403338166
29294.5663685473, 0.0946949199972136
29294.5674206212, 0.0946944177311468
29294.5684731368, 0.0946938380568002
29294.5695261344, 0.0946931863197465
29294.570579637, 0.0946924686382168
29294.5716336582, 0.0946916918380931
29294.572688166, 0.0946908634128309
29294.5737431362, 0.09468999140935
29294.5747985125, 0.094689084375171
29294.5758542147, 0.0946881512643977
29294.5769101626, 0.0946872013207143
29294.5779662639, 0.0946862439876903
29294.5790224083, 0.0946852888104402
29294.5800784864, 0.094684345312591
29294.5811343967, 0.094683422883779
29294.5821900479, 0
29294.5832453458, 0
29294.5843002231, 0
29294.5853546128, 0
29294.5864084903, 0
29294.5874618256, 0
29294.5885146335, 0
29294.5895669321, 0
29294.5906187613, 0
29294.5916701881, 0
29294.592721284, 0
29294.5937721392, 0
29294.5948228428, 0
29294.5958735236, 0
29294.5969242445, 0
29294.5979751321, 0
29294.599026264, 0
29294.6000777078, 0
29294.6011295354, 0
29294.6021817865, 0
29294.6032344896, 0
29294.6042876602, 0
29294.6053412756, 0
29294.6063952916, 0.094681780362904
29294.607449671, 0.0946825641875742
29294.6085043561, 0.0946833690154929
29294.6095592573, 0.0946841854973612
29294.6106142771, 0.0946850041439498
29294.6116693447, 0.0946858154584066
29294.6127243595, 0.0946866099973755
29294.6137792192, 0.0946873784984337
29294.614833851, 0.0946881120053329
29294.6158881855, 0.0946888019464706
29294.6169421484, 0.0946894402242561
29294.6179957048, 0.0946900193299403
29294.6190488296, 0.0946905324021383
29294.6201015023, 0.0946909732971301
29294.6211537663, 0.0946913366728022
29294.6222056424, 0.0946916180026821
29294.6232571881, 0.0946918136416149
29294.624308485, 0.0946919208485372
29294.6253596148, 0.0946919378051979
29294.6264106648, 0.0946918636339394
29294.6274617333, 0.0946916984026728
29294.6285129301, 0.0946914431185404
29294.6295643424, 0.094691099724595
29294.6306160763, 0.0946906710698594
29294.6316681858, 0.0946901609093009
29294.6327207382, 0.0946895738454165
29294.6337737866, 0.0946889152934659
29294.6348273491, 0.0946881914449667
29294.6358814298, 0.094687409196949
29294.6369360022, 0.0946865760967691
29294.6379910343, 0.0946857002474708
29294.639046453, 0.0946847902529868
29294.6401021949, 0.0946838550859868
29294.6411581639, 0.0946829040273828
29294.642214251, 0.0946819465490781
29294.6432703837, 0.094680992163936
29294.6443264462, 0.0946800503932529
29294.6453823253, 0.00717448042812967
29294.6464379312, 0
29294.6474931831, 0
29294.648548017, 0
29294.6496023709, 0
29294.6506562039, 0
29294.6517094951, 0
29294.6527622583, 0
29294.6538145159, 0
29294.654866308, 0
29294.655917697, 0
29294.6569687533, 0
29294.6580195728, 0
29294.6590702555, 0
29294.660120911, 0
29294.6611716192, 0
29294.6622224981, 0
29294.6632736209, 0
29294.6643250839, 0
29294.6653769413, 0
29294.6664292407, 0
29294.667482005, 0
29294.6685352329, 0
29294.6695889113, 0
29294.6706430031, 0.0946776549631273
29294.6716974615, 0.0946784412453112
29294.6727521922, 0.0946792475897489
29294.6738071419, 0.0946800646567504
29294.6748622038, 0.0946808829430996
29294.6759172945, 0.0946816929453844
29294.6769723227, 0.0946824852411084
29294.6780271742, 0.0946832505836083
29294.6790817942, 0.0946839800643681
29294.6801360921, 0.094684665141859
29294.6811900251, 0.0946852977925329
29294.6822435563, 0.0946858705662692
29294.6832966616, 0.0946863766696348
29294.6843493277, 0.0946868100355858
29294.6854015883, 0.0946871653971457
29294.6864534695, 0.0946874383144531
29294.6875050325, 0.0946876252308317
29294.6885563546, 0.094687723494966
29294.6896075098, 0.0946877313821247
29294.6906585947, 0.0946876481098446
29294.6917097171, 0.0946874738380456
29294.6927609687, 0.0946872096698939
29294.693812437, 0.0946868576420755
29294.6948642209, 0.0946864206977334
29294.695916404, 0.0946859026653625
29294.6969690346, 0.0946853082368102
29294.6980221545, 0.0946846429120529
29294.6990757902, 0.0946839129498356
29294.700129931, 0.0946831253237369
29294.7011845574, 0.0946822876348006
29294.7022396343, 0.0946814080385932
29294.7032950955, 0.0946804951744852
29294.7043508677, 0.0946795580553151
29294.7054068576, 0.094678605981624
29294.7064629724, 0.094677648421851
29294.7075191003, 0.0946766949259945
29294.7085751448, 0.094675754988109
29294.7096310068, 0
29294.7106865929, 0
29294.7117418153, 0
29294.7127966118, 0
29294.7138509206, 0
29294.7149047058, 0
29294.7159579571, 0
29294.7170106805, 0
29294.71806289, 0
29294.7191146468, 0
29294.7201660008, 0
29294.7212170402, 0
29294.7222678374, 0
29294.72331851, 0
29294.7243691525, 0
29294.7254198653, 0
29294.7264707553, 0
29294.7275219076, 0
29294.7285734014, 0
29294.7296253005, 0
29294.7306776514, 0
29294.7317304735, 0
29294.7327837553, 0
29294.7338374924, 0
29294.7348916383, 0.0946735293542601
29294.7359461412, 0.09467431798612
29294.7370009237, 0.0946751257667701
29294.7380558986, 0.0946759433143131
29294.7391109796, 0.0946767611352389
29294.7401660739, 0.0946775697234986
29294.741221081, 0.0946783596651391
29294.7422759219, 0.0946791217649806
29294.7433305057, 0.0946798471236695
29294.744384765, 0.0946805272612183
29294.745438651, 0.0946811542040163
29294.7464921264, 0.0946817205643994
29294.7475451703, 0.0946822196211175
29294.7485977926, 0.0946826453930743
29294.7496500122, 0.0946829926869373
29294.7507018718, 0.0946832571528445
29294.7517534289, 0.0946834353198479
29294.7528047621, 0.0946835246266852
29294.7538559387, 0.0946835234405592
29294.7549070621, 0.0946834310723435
29294.7559582304, 0.0946832477764035
29294.7570095478, 0.0946829747461993
29294.7580611073, 0.0946826141053385
29294.7591129874, 0.0946821688914697
29294.7601652504, 0.0946816430309288
29294.761217967, 0.094681041288799
29294.7622711695, 0.094680369247952
29294.7633248759, 0.0946796332454748
29294.7643790866, 0.0946788403129849
29294.7654337805, 0.0946779981098976
29294.7664889136, 0.0946771148485741
29294.7675444212, 0.0946761992077874
29294.7686002244, 0.0946752602364295
29294.7696562496, 0.0946743072381491
29294.7707123878, 0.0946733497063189
29294.7717685488, 0.0946723971713121
29294.7728246028, 0.0946714591468805
29294.7738804642, 0
29294.7749360452, 0
29294.7759912613, 0
29294.777046024, 0
29294.7781002957, 0
29294.7791540466, 0
29294.7802072583, 0
29294.7812599375, 0
29294.7823121088, 0
29294.7833638244, 0
29294.7844151506, 0
29294.7854661566, 0
29294.7865169375, 0
29294.7875676069, 0
29294.7886182507, 0
29294.7896689825, 0
29294.7907198967, 0
29294.7917710846, 0
29294.7928226089, 0
29294.7938745617, 0
29294.7949269563, 0
29294.7959798145, 0
29294.7970331556, 0
29294.7980869368, 0
29294.799141127, 0.094669403582327
29294.8001956701, 0.0946701944819888
29294.8012504885, 0.094671003604856
29294.8023054876, 0.0946718215480612
29294.8033605661, 0.0946726388012184
29294.804415648, 0.0946734458768848
29294.8054706363, 0.0946742333798428
29294.8065254296, 0.0946749921252598
29294.8075799674, 0.0946757132725515
29294.8086341575, 0.0946763883712044
29294.8096879667, 0.0946770095137286
29294.8107413581, 0.0946775693765542
29294.8117943199, 0.0946780613137092
29294.8128468648, 0.0946784794215729
29294.813899011, 0.0946788185883111
29294.8149508137, 0.0946790745532476
29294.8160023333, 0.0946792439333246
29294.8170536431, 0.0946793242565078
29294.8181048187, 0.0946793139823533
29294.8191559598, 0.0946792125134489
29294.8202071605, 0.0946790201972314
29294.8212585194, 0.0946787383210089
29294.8223101064, 0.0946783691091534
29294.8233620291, 0.0946779156799977
29294.8244143417, 0.0946773820479944
29294.8254671004, 0.0946767730681209
29294.8265203567, 0.0946760943887298
29294.8275741094, 0.0946753524296223
29294.8286283689, 0.0946745542796061
29294.8296831074, 0.0946737076594565
29294.8307382797, 0.0946728208306407
29294.831793817, 0.0946719025146812
29294.8328496571, 0.0946709617751851
29294.8339057073, 0.0946700079520353
29294.8349618593, 0.0946690505475332
29294.8360180098, 0.0946680991025719
29294.8370740619, 0.0946671630891334
29294.8381299045, 0
29294.8391854579, 0
29294.8402406239, 0
29294.8412953463, 0
29294.8423495577, 0
29294.8434032472, 0
29294.8444563916, 0
29294.8455090009, 0
29294.8465611081, 0
29294.847612767, 0
29294.8486640429, 0
29294.849715018, 0
29294.8507657883, 0
29294.8518164463, 0
29294.8528670983, 0
29294.8539178391, 0
29294.8549687773, 0
29294.8560199957, 0
29294.857071557, 0
29294.8581235439, 0
29294.8591759732, 0
29294.8602288763, 0
29294.8612822569, 0
29294.8623360826, 0
29294.8633903104, 0.0946652775030414
29294.8644448703, 0.0946660705576578
29294.8654996958, 0.094666880904206
29294.8665547029, 0.0946676991340152
29294.8676097765, 0.0946685157223062
29294.8686648402, 0.0946693211882791
29294.8697197981, 0.0946701061549486
29294.8707745464, 0.0946708614635799
29294.8718290189, 0.094671578308018
29294.8728831465, 0.0946722483008541
29294.8739368879, 0.0946728635845535
29294.874990214, 0.0946734169032428
29294.8760431071, 0.0946739016784566
29294.8770955826, 0.0946743120850234
29294.8781476707, 0.0946746430974311
29294.8791994165, 0.0946748905376205
29294.8802508726, 0.0946750511125958
29294.8813021417, 0.0946751224467152
29294.8823532872, 0.094675103090219
29294.8834044012, 0.0946749925405108
29294.8844555774, 0.0946747912406509
29294.8855069209, 0.0946745005703527
29294.8865585184, 0.094674122838322
29294.8876104509, 0.0946736612594225
29294.888662769, 0.0946731199368437
29294.8897155389, 0.0946725038019994
29294.8907688104, 0.0946718185793915
29294.8918225812, 0.0946710707588599
29294.8928768537, 0.0946702674975591
29294.893931602, 0.0946694165703531
29294.8949867887, 0.0946685262785469
29294.8960423527, 0.0946676053738026
29294.8970982092, 0.0946666629673193
29294.8981542746, 0.0946657084096412
29294.899210439, 0.09466475121285
29294.9002665955, 0.0946638009193263
29294.9013226192, 0.0946628670137763
29294.902378425, 0
29294.903433927, 0
29294.9044890345, 0
29294.9055436837, 0
29294.9065978301, 0
29294.9076514338, 0
29294.9087045099, 0
29294.9097570478, 0
29294.9108090885, 0
29294.9118606874, 0
29294.9129119078, 0
29294.9139628303, 0
29294.9150135722, 0
29294.9160642028, 0
29294.9171148377, 0
29294.9181655815, 0
29294.9192165148, 0
29294.9202677422, 0
29294.9213193326, 0
29294.9223713396, 0
29294.9234238184, 0
29294.9244767733, 0
29294.9255301982, 0
29294.9265840707, 0
29294.9276383549, 0.0946611510881848
29294.9286929633, 0.0946619462147128
29294.929747825, 0.0946627576996605
29294.9308028549, 0.094663576120032
29294.9318579552, 0.0946643919617485
29294.932913018, 0.0946651957272011
29294.9339679653, 0.0946659780716336
29294.9350227037, 0.0946667298724348
29294.936077152, 0.0946674423506954
29294.9371312497, 0.0946681071729857
29294.9381849567, 0.094668716538776
29294.9392382377, 0.0946692632534653
29294.940291102, 0.09466974082308
29294.9413435555, 0.094670143493003
29294.94239562, 0.0946704663165025
29294.943447339, 0.0946707052029126
29294.9444987779, 0.0946708569523298
29294.9455500284, 0.09467091927984
29294.9466011527, 0.094670890831582
29294.9476522526, 0.094670771200111
29294.9487034288, 0.0946705609208351
29294.9497547646, 0.0946702614715922
29294.9508063532, 0.0946698752530811
29294.9518582647, 0.0946694055753816
29294.9529105769, 0.0946688566150522
29294.9539633561, 0.0946682333809751
29294.9550166343, 0.0946675416821535
29294.9560704194, 0.0946667880705287
29294.9571247075, 0.0946659797688698
29294.9581794787, 0.0946651246007298
29294.959234674, 0.0946642309308062
29294.9602902372, 0.0946633075444772
29294.9613460904, 0.0946623635739045
29294.962402138, 0.0946614083977673
29294.9634582671, 0.0946604515380027
29294.9645143727, 0.0946595025316041
29294.9655703421, 0.0946585708379858
29294.9666260845, 0
29294.967681518, 0
29294.9687365496, 0
29294.9697911158, 0
29294.9708451671, 0
29294.9718986887, 0
29294.9729516611, 0
29294.9740041029, 0
29294.9750560614, 0
29294.9761075821, 0
29294.9771587352, 0
29294.9782095968, 0
29294.9792602759, 0
29294.9803108674, 0
29294.9813614672, 0
29294.9824121885, 0
29294.9834631262, 0
29294.9845143685, 0
29294.9855659976, 0
29294.9866180542, 0
29294.9876705782, 0
29294.9887235801, 0
29294.9897770679, 0
29294.9908310001, 0
29294.9918853278, 0.0946570242399461
29294.9929399806, 0.0946578213311173
29294.9939948812, 0.0946586338525078
29294.995049943, 0.0946594523680155
29294.9961050576, 0.0946602673535386
29294.997160135, 0.0946610693344119
29294.9982150914, 0.0946618489803685
29294.9992698307, 0.0946625971959923
29295.0003242831, 0.0946633052492141
29295.0013783705, 0.0946639648428908
29295.0024320769, 0.0946645682480391
29295.0034853707, 0.0946651083343279
29295.0045382364, 0.0946655786656544
29295.0055906927, 0.0946659735715371
29295.0066427697, 0.0946662881900446
29295.0076944961, 0.094666518512889
29295.0087459502, 0.0946666614335268
29295.0097972074, 0.0946667147583789
29295.0108483475, 0.0946666772298588
29295.0118994546, 0.0946665485370076
29295.0129506394, 0.094666329310592
29295.014001994, 0.0946660211197073
29295.015053615, 0.0946656264533547
29295.0161055696, 0.0946651487091924
29295.0171579346, 0.0946645921471514
29295.0182107609, 0.0946639618644242
29295.0192640782, 0.0946632637476078
29295.020317907, 0.09466250440899
29295.0213722451, 0.0946616911302551
29295.0224270548, 0.0946608318023875
29295.0234822863, 0.0946599348282844
29295.0245378764, 0.0946590090353816
29295.0255937384, 0.0946580635908316
29295.0266497851, 0.0946571078825363
29295.0277059049, 0.0946561514374963
29295.0287619954, 0.094655203786157
29295.0298179383, 0.094654274378576
29295.0308736462, 0
29295.0319290334, 0
29295.0329839917, 0
29295.0340384861, 0
29295.0350924675, 0
29295.036145912, 0
29295.0371988065, 0
29295.0382511705, 0
29295.0393030497, 0
29295.0403544869, 0
29295.041405563, 0
29295.0424563538, 0
29295.0435069723, 0
29295.0445575066, 0
29295.0456080781, 0
29295.0466587899, 0
29295.0477097334, 0
29295.0487610048, 0
29295.0498126651, 0
29295.0508647623, 0
29295.05191733, 0
29295.0529703821, 0
29295.0540239117, 0
29295.055077878, 0
29295.0561322411, 0.0946528971877319
29295.0571869241, 0.0946536961500993
29295.0582418551, 0.0946545096161603
29295.0592969244, 0.0946553281206495
29295.060352052, 0.0946561421612315
29295.0614071377, 0.0946569422649555
29295.0624620894, 0.0946577191156774
29295.0635168259, 0.0946584636593589
29295.0645712734, 0.0946591672004652
29295.0656253676, 0.0946598214992078
29295.0666790714, 0.0946604188700856
29295.0677323435, 0.094660952244452
29295.0687851953, 0.0946614152730475
29295.0698376341, 0.0946618023582071
29295.0708896815, 0.0946621087203871
29295.0719413918, 0.0946623304469977
29295.0729928387, 0.0946624645194944
29295.0740440904, 0.0946625088363997
29295.0750952384, 0.0946624622347045
29295.0761463837, 0.0946623244936925
29295.0771976111, 0.0946620963391128
29295.078249014, 0.094661779433419
29295.0793006988, 0.0946613763524856
29295.0803527368, 0.0946608905775892
29295.0814051947, 0.0946603264552983
29295.0824581101, 0.094659689169488
29295.0835115156, 0.0946589846798826
29295.0845654281, 0.0946582196695041
29295.0856198358, 0.0946574014889878
29295.0866747065, 0.0946565380791224
29295.0877299941, 0.0946556378844786
29295.0887856264, 0.0946547097755791
29295.0898415074, 0.0946537629543577
29295.09089757, 0.0946528068064356
29295.0919536959, 0.0946518508697841
29295.0930097738, 0.0946509046777142
29295.0940657084, 0.094649977643744
29295.0951213918, 0
29295.096176731, 0
29295.0972316589, 0
29295.0982861156, 0
29295.0993400326, 0
29295.1003933992, 0
29295.1014462249, 0
29295.1024985111, 0
29295.1035503004, 0
29295.1046016601, 0
29295.1056526666, 0
29295.1067034059, 0
29295.1077539772, 0
29295.1088044908, 0
29295.1098550538, 0
29295.110905768, 0
29295.1119567198, 0
29295.1130080121, 0
29295.1140596998, 0
29295.1151118453, 0
29295.1161644508, 0
29295.1172175426, 0
29295.1182711133, 0
29295.1193251212, 0
29295.1203795019, 0.0946487698374302
29295.1214341921, 0.0946495705715174
29295.1224891213, 0.0946503848732093
29295.1235442046, 0.0946512032868296
29295.1245993323, 0.0946520162873244
29295.1256544126, 0.0946528144192217
29295.1267093596, 0.094653588392227
29295.127764086, 0.0946543291788345
29295.128818516, 0.0946550281233546
29295.1298725944, 0.0946556770418087
29295.1309262696, 0.0946562682986358
29295.1319795215, 0.0946567949033001
29295.1330323443, 0.0946572505704923
29295.1340847489, 0.094657629784646
29295.1351367665, 0.0946579278541011
29295.1361884589, 0.0946581409552777
29295.1372398852, 0.0946582661577951
29295.1382911288, 0.0946583014557811
29295.139342292, 0.0946582457784441
29295.1403934601, 0.0946580989988793
29295.1414447394, 0.0946578619317578
29295.1424962161, 0.0946575363298199
29295.1435479705, 0.094657124867367
29295.1446000946, 0.0946566311054403
29295.1456526492, 0.0946560594751382
29295.1467056689, 0.0946554152399388
29295.1477591883, 0.0946547044306418
29295.1488132074, 0.0946539338087326
29295.1498677146, 0.0946531107858822
29295.1509226666, 0.0946522433651893
29295.1519780234, 0.094651340031066
29295.1530337116, 0.0946504096904329
29295.1540896361, 0.0946494615694513
29295.1551457217, 0.0946485050759549
29295.1562018508, 0.0946475497517434
29295.1572579344, 0.0946466051032593
29295.1583138537, 0.0946456805483018
29295.1593695266, 0
29295.1604248537, 0
29295.1614797459, 0
29295.1625341492, 0
29295.1635880268, 0
29295.1646413484, 0
29295.1656941138, 0
29295.166746342, 0
29295.1677980881, 0
29295.1688494056, 0
29295.1699003721, 0
29295.1709510894, 0
29295.172001651, 0
29295.1730521761, 0
29295.174102764, 0
29295.1751535151, 0
29295.17620452, 0
29295.1772558573, 0
29295.1783075959, 0
29295.1793597844, 0
29295.1804124355, 0
29295.1814655625, 0
29295.1825191548, 0
29295.1835731739, 0.00107219413265467
29295.1846275662, 0.094644642205041
29295.1856822744, 0.0946454446249275
29295.1867372145, 0.0946462596749209
29295.1877922956, 0.0946470778860799
29295.188847436, 0.0946478897566186
29295.1899025192, 0.094648685823834
29295.1909574686, 0.0946494568268931
29295.1920122026, 0.0946501937737681
29295.1930666269, 0.0946508880376755
29295.1941206853, 0.0946515314860858
29295.1951743424, 0.0946521165529653
29295.196227569, 0.0946526363096237
29295.1972803562, 0.0946530845445265
29295.1983327264, 0.0946534558275347
29295.1993847145, 0.0946537455526335
29295.2004363742, 0.09465394998308
29295.2014877782, 0.0946540662830095
29295.2025390208, 0.0946540925388225
29295.2035901818, 0.0946540277729753
29295.2046413689, 0.0946538719515568
29295.2056926769, 0.0946536259831923
29295.2067442141, 0.0946532917049373
29295.2077960347, 0.0946528718869906
29295.20884824, 0.0946523701729377
29295.2099008741, 0.0946517910848243
29295.2109539863, 0.0946511399562547
29295.212007597, 0.0946504228990771
29295.2130616977, 0.094649646748031
29295.214116272, 0.0946488189793672
29295.2151713032, 0.0946479476263509
29295.2162267196, 0.0946470412422426
29295.2172824489, 0.0946461087676722
29295.218338413, 0.0946451594377315
29295.2193945281, 0.0946442026814867
29295.2204506732, 0.0946432480472492
29295.2215067448, 0.0946423050471666
29295.2225626502, 0.0946413830577708
29295.2236182908, 0
29295.2246735715, 0
29295.2257284271, 0
29295.2267827703, 0
29295.2278365958, 0
29295.2288898698, 0
29295.2299425935, 0
29295.2309947938, 0
29295.2320465203, 0
29295.2330978383, 0
29295.2341488231, 0
29295.2351995585, 0
29295.2362501607, 0
29295.237300715, 0
29295.2383513438, 0
29295.2394021358, 0
29295.2404531897, 0
29295.2415045786, 0
29295.2425563573, 0
29295.2436085807, 0
29295.2446612789, 0
29295.2457144493, 0
29295.2467680791, 0
29295.2478221351, 0.0946397312127423
29295.2488765689, 0.0946405141990055
29295.2499313134, 0.0946413182151014
29295.2509862973, 0.0946421339333
29295.2520414127, 0.0946429518636098
29295.2530965825, 0.0946437625102213
29295.2541516962, 0.0946445564279077
29295.2552066616, 0.0946453243670633
29295.2562613925, 0.0946460573664686
29295.2573158041, 0.0946467468500149
29295.2583698496, 0.094647384743068
29295.2594234861, 0.094647963535373
29295.260476684, 0.0946484763668462
29295.2615294356, 0.0946489171021635
29295.2625817817, 0.094649280398691
29295.2636337393, 0.0946495617291087
29295.264685384, 0.094649757450935
29295.2657367867, 0.0946498648170496
29295.2667880249, 0.0946498820056182
29295.2678391911, 0.0946498081347161
29295.2688903906, 0.094649643264739
29295.2699417227, 0.0946493883968889
29295.2709932719, 0.0946490454680211
29295.2720451403, 0.0946486173215653
29295.2730973898, 0.0946481077011407
29295.2741500697, 0.0946475212105626
29295.2752032332, 0.0946468632590186
29295.2762568885, 0.0946461400386457
29295.2773110384, 0.0946453584425516
29295.2783656643, 0.094644526006219
29295.2794207357, 0.0946436508244221
29295.2804761792, 0.0946427414944276
29295.2815319306, 0.0946418069823566
29295.282587906, 0.0946408565510016
29295.2836440124, 0.0946398996501015
29295.2847001361, 0.094638945823386
29295.2857561775, 0.0946380045707575
29295.2868120432, 0.0110773111214219
29295.2878676318, 0
29295.2889228427, 0
29295.2899776103, 0
29295.2910319024, 0
29295.2920856567, 0
29295.2931388678, 0
29295.2941915383, 0
29295.2952436905, 0
29295.2962953859, 0
29295.2973466824, 0
29295.2983976644, 0
29295.2994484058, 0
29295.3004990254, 0
29295.3015496084, 0
29295.3026002797, 0
29295.3036511057, 0
29295.3047021854, 0
29295.3057536171, 0
29295.3068054408, 0
29295.3078577087, 0
29295.3089104485, 0
29295.3099636567, 0
29295.311017326, 0
29295.3120714271, 0.0946356003164246
29295.3131258966, 0.0946363857211467
29295.3141806769, 0.0946371912382015
29295.3152356852, 0.0946380075142609
29295.3162908276, 0.0946388250634961
29295.3173460076, 0.0946396343789415
29295.3184011269, 0.094640426039107
29295.3194560945, 0.0946411908194684
29295.3205108185, 0.0946419197890242
29295.3215652156, 0.094642604416571
29295.3226192436, 0.0946432366831902
29295.323672857, 0.0946438091378697
29295.3247260294, 0.0946443149907749
29295.3257787602, 0.0946447481844853
29295.3268310775, 0.0946451034518358
29295.3278830167, 0.0946453763571874
29295.3289346423, 0.0946455633435984
29295.3299860338, 0.0946456617574239
29295.3310372674, 0.09464566986984
29295.3320884465, 0.0946455868919761
29295.3331396577, 0.0946454129798284
29295.3341909996, 0.0946451492306474
29295.3352425667, 0.0946447976718987
29295.3362944442, 0.0946443612438484
29295.3373467153, 0.0946438437686436
29295.3383994184, 0.0946432499371169
29295.3394525947, 0.0946425852440671
29295.3405062647, 0.0946418559465574
29295.3415604398, 0.0946410689953756
29295.3426150918, 0.0946402319897059
29295.3436701795, 0.0946393530823356
29295.34472565, 0.0946384408935826
29295.345781432, 0.0946375044261542
29295.3468374179, 0.094636552985699
29295.3478935174, 0.0946355960311771
29295.3489496214, 0.0946346431031585
29295.3500056341, 0.0946337036881458
29295.3510614515, 0
29295.3521169665, 0
29295.3531721171, 0
29295.3542268156, 0
29295.3552810216, 0
29295.3563346884, 0
29295.3573878058, 0
29295.3584403942, 0
29295.3594924712, 0
29295.3605440936, 0
29295.361595323, 0
29295.3626462557, 0
29295.3636969706, 0
29295.3647475566, 0
29295.3657981317, 0
29295.3668487824, 0
29295.3678996124, 0
29295.3689507137, 0
29295.3700021505, 0
29295.3710539927, 0
29295.3721062698, 0
29295.3731590273, 0
29295.3742122668, 0
29295.3752659689, 0
29295.376320092, 0.0946314690768216
29295.377374587, 0.09463225681134
29295.3784293873, 0.094633063735841
29295.3794844108, 0.0946338804814497
29295.38053956, 0.0946346975537295
29295.3815947381, 0.0946355054501231
29295.3826498502, 0.0946362947666283
29295.3837047951, 0.0946370562965872
29295.3847594876, 0.0946377811495029
29295.3858138447, 0.0946384608394734
29295.3868678187, 0.0946390873985138
29295.3879213649, 0.0946396534396472
29295.3889744768, 0.0946401522532503
29295.3900271605, 0.094640577858615
29295.3910794154, 0.0946409250585691
29295.3921313079, 0.0946411895140195
29295.3931828996, 0.0946413677541283
29295.3942342487, 0.0946414572144175
29295.3952854625, 0.0946414562624071
29295.3963366253, 0.0946413642022685
29295.3973878287, 0.0946411812846517
29295.3984391925, 0.0946409086939167
29295.3994907806, 0.0946405485556719
29295.4005426846, 0.0946401038986308
29295.40159499, 0.0946395786298193
29295.402647728, 0.0946389775257813
29295.4037009524, 0.0946383061503797
29295.4047546736, 0.0946375708368666
29295.4058088991, 0.0946367786030614
29295.4068635977, 0.0946359371075963
29295.4079187276, 0.0946350545527466
29295.4089742304, 0.0946341396035114
29295.4100300331, 0.0946332012949055
29295.4110860317, 0.0946322489497517
29295.4121421513, 0.0946312920233817
29295.4131982709, 0.0946303400667152
29295.4142542822, 0.0946294025674414
29295.4153100775, 0
29295.416365568, 0
29295.4174206602, 0
29295.4184752938, 0
29295.4195294135, 0
29295.4205829872, 0
29295.4216360092, 0
29295.4226884974, 0
29295.42374048, 0
29295.4247920033, 0
29295.4258431596, 0
29295.4268940039, 0
29295.4279446546, 0
29295.4289951965, 0
29295.4300457358, 0
29295.4310963796, 0
29295.4321472065, 0
29295.4331983097, 0
29295.4342497673, 0
29295.4353016237, 0
29295.4363539329, 0
29295.4374067092, 0
29295.438459961, 0
29295.4395136677, 0
29295.4405678048, 0.0946273375792118
29295.4416222993, 0.0946281275422319
29295.4426770778, 0.0946289357590854
29295.4437320881, 0.0946297528688251
29295.4447872131, 0.0946305693574178
29295.4458423574, 0.0946313757294503
29295.4468974262, 0.0946321625973889
29295.4479523265, 0.0946329207871475
29295.4490069596, 0.0946336414354263
29295.4500612661, 0.094634316117927
29295.4511151874, 0.0946349369132929
29295.4521686777, 0.0946354964964405
29295.4532217286, 0.0946359882268544
29295.4542743423, 0.0946364061996824
29295.4553265519, 0.0946367453116805
29295.4563783949, 0.0946370012987296
29295.4574299359, 0.0946371707821947
29295.458481256, 0.0946372512926873
29295.4595324497, 0.0946372412884313
29295.4605836051, 0.09463714016762
29295.4616348264, 0.0946369482715613
29295.4626862007, 0.0946366668839093
29295.4637378268, 0.0946362982124702
29295.4647897818, 0.0946358453770194
29295.4658421365, 0.0946353123767052
29295.4668949354, 0.0946347040629387
29295.4679482378, 0.0946340260702633
29295.4690020365, 0.0946332848127025
29295.4700563286, 0.0946324873800322
29295.4711111012, 0.0946316414732579
29295.4721662981, 0.0946307553535941
29295.4732218605, 0.0946298377258088
29295.4742777056, 0.0946288976632815
29295.4753337558, 0.0946279444848344
29295.4763898952, 0.0946269876920444
29295.4774460317, 0.0946260368086209
29295.4785020402, 0.0946251013254866
29295.4795578329, 0
29295.4806133051, 0
29295.4816683695, 0
29295.482722954, 0
29295.4837770163, 0
29295.4848305215, 0
29295.485883472, 0
29295.4869358768, 0
29295.4879877723, 0
29295.4890392382, 0
29295.4900903127, 0
29295.4911411126, 0
29295.4921917199, 0
29295.4932422291, 0
29295.4942927491, 0
29295.4953433877, 0
29295.4963942308, 0
29295.4974453549, 0
29295.4984968348, 0
29295.4995487106, 0
29295.5006010433, 0
29295.5016538578, 0
29295.5027071407, 0
29295.503760869, 0
29295.5048150119, 0.094623205807668
29295.5058695059, 0.0946239979040866
29295.5069242969, 0.0946248073425534
29295.5079792884, 0.0946256247139733
29295.5090343923, 0.0946264405231955
29295.5100895129, 0.0946272452812155
29295.5111445535, 0.0946280296163334
29295.512199403, 0.0946287843691751
29295.5132539966, 0.0946295007382396
29295.5143082601, 0.0946301703349813
29295.5153621265, 0.0946307852889022
29295.5164155708, 0.0946313383503672
29295.5174685746, 0.0946318229434639
29295.5185211432, 0.0946322332416446
29295.5195733073, 0.0946325642230532
29295.5206251086, 0.0946328117119108
29295.521676623, 0.0946329724210001
29295.5227279351, 0.0946330439709754
29295.5237791085, 0.094633024912763
29295.5248302599, 0.0946329147400888
29295.525881489, 0.094632713887459
29295.5269328866, 0.0946324237296974
29295.5279845467, 0.0946320465659953
29295.5290365522, 0.0946315856010862
29295.5300889711, 0.0946310449184152
29295.5311418492, 0.094630429447667
29295.5321952222, 0.0946297449126376
29295.5332491003, 0.0946289977860963
29295.5343034753, 0.0946281952233897
29295.5353583234, 0.0946273449888362
29295.5364135845, 0.094626455394716
29295.5374692105, 0.0946255351747455
29295.5385251125, 0.0946245934358445
29295.5395811969, 0.0946236395303511
29295.5406373533, 0.0946226829633089
29295.5416934875, 0.0946217332583074
29295.542749492, 0.0946207998776171
29295.5438052635, 0
29295.5448606939, 0
29295.5459157028, 0
29295.5469702378, 0
29295.5480242469, 0
29295.5490776916, 0
29295.5501305848, 0
29295.5511829443, 0
29295.5522348012, 0
29295.5532862135, 0
29295.5543372634, 0
29295.5553880279, 0
29295.5564386148, 0
29295.5574891038, 0
29295.5585396187, 0
29295.5595902505, 0
29295.5606410937, 0
29295.5616922426, 0
29295.5627437517, 0
29295.5637956868, 0
29295.564848064, 0
29295.5659009146, 0
29295.5669542462, 0
29295.5680080266, 0
29295.5690622071, 0.0946190736825821
29295.5701167476, 0.0946198678428964
29295.571171568, 0.0946206784088358
29295.5722265799, 0.0946214959641929
29295.5732816932, 0.0946223110092749
29295.5743368159, 0.0946231140657972
29295.5753918341, 0.0946238957675378
29295.5764466729, 0.0946246470104651
29295.5775012444, 0.094625359014316
29295.5785554847, 0.0946260234454105
29295.5796093291, 0.0946266324904858
29295.580662759, 0.0946271789667375
29295.5817157555, 0.0946276563675701
29295.5827683197, 0.0946280589407416
29295.5838204785, 0.0946283817456015
29295.5848722915, 0.0946286206973444
29295.5859238062, 0.0946287725925291
29295.5869751087, 0.0946288351483398
29295.5880262923, 0.0946288070118454
29295.5890774577, 0.0946286877701486
29295.5901287024, 0.094628477953298
29295.5911801276, 0.0946281790272456
29295.5922318285, 0.0946277933804815
29295.5932838644, 0.0946273243159365
29295.5943363261, 0.0946267759926157
29295.5953892603, 0.0946261534179556
29295.5964426965, 0.0946254623929417
29295.5974966253, 0.0946247094726685
29295.5985510596, 0.0946239018595219
29295.5996059591, 0.0946230473842608
29295.6006612894, 0.0946221543833141
29295.6017169493, 0.0946212316724948
29295.6027728712, 0.0946202883691475
29295.6038289661, 0.0946193338388999
29295.6048851139, 0.09461837760314
29295.6059412153, 0.0946174291862442
29295.6069971778, 0.0946164980229777
29295.6080528856, 0
29295.6091082573, 0
29295.610163217, 0
29295.6112176962, 0
29295.6122716445, 0
29295.6133250447, 0
29295.6143779011, 0
29295.6154302237, 0
29295.6164820429, 0
29295.6175334118, 0
29295.61858443, 0
29295.6196351555, 0
29295.620685699, 0
29295.6217361686, 0
29295.6227866577, 0
29295.6238372793, 0
29295.6248881299, 0
29295.6259392917, 0
29295.6269908223, 0
29295.6280427844, 0
29295.6290952185, 0
29295.6301481401, 0
29295.6312015343, 0
29295.6322553806, 0
29295.6333096364, 0.0946149411312148
29295.6343642334, 0.0946157372599133
29295.6354190997, 0.0946165488613736
29295.6364741454, 0.0946173665060513
29295.6375292807, 0.0946181806927613
29295.6385844012, 0.0946189819427541
29295.6396394206, 0.0946197609302109
29295.6406942363, 0.0946205085604361
29295.64174879, 0.0946212161139603
29295.642803015, 0.0946218753025955
29295.6438568555, 0.0946224783740701
29295.6449102809, 0.0946230182020995
29295.6459632677, 0.0946234883498764
29295.6470158324, 0.0946238831494984
29295.6480679924, 0.0946241977389146
29295.6491198137, 0.0946244281221038
29295.6501713496, 0.0946245711858864
29295.6512226902, 0.094624624738016
29295.6522739152, 0.0946245875176337
29295.6533251144, 0.0946244592088216
29295.6543763998, 0.0946242404357899
29295.6554278673, 0.0946239327590248
29295.6564796224, 0.0946235386547222
29295.657531725, 0.0946230615121793
29295.6585842545, 0.094622505579407
29295.6596372488, 0.0946218759498589
29295.660690739, 0.0946211784998918
29295.6617447549, 0.0946204198248838
29295.6627992512, 0.0946196072294077
29295.6638542227, 0.0946187485721924
29295.6649095775, 0.0946178522832329
29295.6659652658, 0.0946169271725881
29295.6670212147, 0.0946159823880873
29295.6680773181, 0.0946150273274665
29295.6691334633, 0.0946140715116352
29295.6701895493, 0.0946131244624823
29295.6712454767, 0.0946121956059214
29295.6723011431, 0
29295.6733564664, 0
29295.6744113747, 0
29295.675465804, 0
29295.6765197057, 0
29295.6775730631, 0
29295.6786258742, 0
29295.6796781566, 0
29295.680729931, 0
29295.68178127, 0
29295.6828322523, 0
29295.683882949, 0
29295.6849334679, 0
29295.6859839137, 0
29295.6870343982, 0
29295.6880850175, 0
29295.6891358673, 0
29295.6901870437, 0
29295.6912386189, 0
29295.6922906434, 0
29295.6933431367, 0
29295.694396115, 0
29295.6954495854, 0
29295.6965035037, 0
29295.6975578232, 0.0946108082323194
29295.6986124714, 0.0946116062366175
29295.6996673791, 0.0946124187786433
29295.7007224526, 0.094613236415013
29295.701777593, 0.0946140496369487
29295.7028327128, 0.0946148489889833
29295.7038877264, 0.0946156251661765
29295.7049425386, 0.0946163691092454
29295.7059970603, 0.0946170721174218
29295.7070512396, 0.0946177259638892
29295.7081050363, 0.094618322964507
29295.7091584171, 0.0946188560569173
29295.7102113737, 0.0946193188834422
29295.7112639252, 0.0946197058529164
29295.712316089, 0.0946200121837604
29295.7133679056, 0.094620233960101
29295.7144194648, 0.0946203681662483
29295.7154708332, 0.0946204126974219
29295.7165221024, 0.0946203663867513
29295.7175733551, 0.094620229011955
29295.7186247079, 0.0946200012896615
29295.7196762541, 0.0946196848724771
29295.7207280771, 0.0946192823354947
29295.7217802487, 0.0946187971540663
29295.7228328553, 0.0946182336566663
29295.7238859288, 0.0946175970192324
29295.7249394993, 0.0946168931928525
29295.7259935725, 0.0946161288586553
29295.7270481322, 0.0946153113623966
29295.7281031511, 0.0946144486327379
29295.7291585571, 0.094613549128529
29295.7302142939, 0.0946126216999528
29295.7312702722, 0.0946116755352984
29295.7323263928, 0.0946107200419797
29295.7333825474, 0.0946097647421309
29295.734438634, 0.0946088191529149
29295.7354945499, 0.0946078926872667
29295.7365501988, 0
29295.7376055005, 0
29295.7386603816, 0
29295.7397147732, 0
29295.7407686329, 0
29295.7418219337, 0
29295.74287469, 0
29295.7439269223, 0
29295.7449786642, 0
29295.7460299756, 0
29295.747080921, 0
29295.7481315966, 0
29295.7491821149, 0
29295.750232566, 0
29295.7512830597, 0
29295.7523337007, 0
29295.753384578, 0
29295.7544357926, 0
29295.7554874013, 0
29295.7565394659, 0
29295.75759201, 0
29295.7586450538, 0
29295.7596985794, 0
29295.7607525543, 0
29295.7618069222, 0.0946066749022557
29295.7628616174, 0.0946074746970113
29295.7639165619, 0.094608288092532
29295.7649716594, 0.0946091056330064
29295.7660268064, 0.0946099178066194
29295.7670819104, 0.0946107151652627
29295.7681368945, 0.0946114884324149
29295.7691916525, 0.0946122285732177
29295.7702461291, 0.0946129269521332
29295.7713002477, 0.0946135753762379
29295.7723539805, 0.0946141662284436
29295.7734072917, 0.0946146925121283
29295.7744601768, 0.0946151479456171
29295.775512658, 0.0946155270190259
29295.7765647636, 0.0946158250384727
29295.77761655, 0.0946160381775529
29295.7786680911, 0.0946161635051474
29295.7797194612, 0.0946161990086864
29295.7807707556, 0.0946161436124125
29295.781822061, 0.094615997184269
29295.7828734744, 0.0946157605351885
29295.7839250863, 0.0946154354115856
29295.7849769676, 0.0946150244851339
29295.7860292233, 0.0946145313049631
29295.7870819073, 0.0946139602973165
29295.7881350552, 0.0946133167170999
29295.7891886975, 0.094612606589708
29295.7902428236, 0.0946118366763356
29295.7912974381, 0.0946110143689693
29295.7923524978, 0.0946101476609535
29295.7934079496, 0.0946092450391284
29295.7944637135, 0.094608315408152
29295.7955197121, 0.0946073679706535
29295.7965758422, 0.0946064121515054
29295.79763202, 0.0946054574544988
29295.7986881179, 0.0946045134134577
29295.7997440382, 0.0946035894196699
29295.8007996801, 0
29295.8018549555, 0
29295.8029097949, 0
29295.8039641471, 0
29295.8050179672, 0
29295.8060712248, 0
29295.8071239319, 0
29295.8081761152, 0
29295.8092278052, 0
29295.810279068, 0
29295.8113299838, 0
29295.8123806457, 0
29295.8134311482, 0
29295.8144815995, 0
29295.8155321097, 0
29295.8165827734, 0
29295.8176336992, 0
29295.8186849556, 0
29295.8197366168, 0
29295.820788719, 0
29295.8218413052, 0
29295.822894389, 0
29295.823947949, 0
29295.8250019527, 0
29295.8260563453, 0.0946025411225011
29295.8271110582, 0.0946033425982705
29295.8281660097, 0.0946041567357325
29295.8292210951, 0.094604974064006
29295.8302762294, 0.0946057850871157
29295.8313313135, 0.094606580364068
29295.8323862457, 0.0946073506227594
29295.8334409474, 0.0946080868821151
29295.8344953464, 0.0946087805380002
29295.8355493828, 0.0946094234608232
29295.836603037, 0.0946100080979554
29295.8376562675, 0.0946105275164058
29295.8387090785, 0.0946109755123168
29295.8397614958, 0.0946113466555012
29295.8408135449, 0.0946116363343737
29295.8418652829, 0.0946118408103131
29295.8429167906, 0.0946119572434371
29295.8439681469, 0.0946119837123777
29295.845019432, 0.0946119192341849
29295.8460707312, 0.0946117637726162
29295.8471221589, 0.0946115182289566
29295.8481737975, 0.0946111844417319
29295.8492257166, 0.0946107651720928
29295.8502780018, 0.0946102640649676
29295.851330715, 0.094609685627972
29295.8523838989, 0.0946090351906806
29295.8534375694, 0.0946083188603845
29295.8544917381, 0.0946075434493414
29295.8555463852, 0.0946067164257352
29295.8566014719, 0.094605845831612
29295.8576569449, 0.0946049401962198
29295.8587127252, 0.0946040084565954
29295.8597687392, 0.0946030598350213
29295.8608248834, 0.0946021037697206
29295.8618810571, 0.0946011497825101
29295.8629371346, 0.0946002073977329
29295.8639930282, 0.0945992859793719
29295.8650486334, 0
29295.8661038644, 0
29295.8671586538, 0
29295.868212933, 0
29295.8692666817, 0
29295.8703198635, 0
29295.8713724942, 0
29295.8724246017, 0
29295.8734762268, 0
29295.8745274376, 0
29295.8755783216, 0
29295.8766289561, 0
29295.8776794421, 0
29295.8787298935, 0
29295.8797804088, 0
29295.8808310798, 0
29295.8818820297, 0
29295.8829333131, 0
29295.8839850073, 0
29295.8850371688, 0
29295.8860898126, 0
29295.8871429542, 0
29295.8881965629, 0
29295.8892506122, 0.0945976248685909
29295.8903050419, 0.0945984068821184
29295.891359774, 0.0945992099388147
29295.8924147366, 0.0946000247194026
29295.8934698337, 0.0946008417519339
29295.8945249654, 0.0946016515318012
29295.8955800318, 0.0946024446306162
29295.8966349445, 0.0946032118098184
29295.897689623, 0.0946039441198449
29295.8987439865, 0.0946046329936508
29295.8997979868, 0.0946052703613115
29295.9008515781, 0.0946058487161667
29295.9019047491, 0.0946063612113239
29295.9029575174, 0.0946068017217242
29295.9040098804, 0.0946071648850483
29295.9050618908, 0.0946074461839213
29295.9061135977, 0.0946076419641446
29295.9071650755, 0.0946077494759154
29295.908216394, 0.0946077668924735
29295.9092676488, 0.0946076933271034
29295.910318928, 0.0946075288372209
29295.911370337, 0.0946072744192407
29295.9124219499, 0.0946069320082567
29295.9134738691, 0.094606504443758
29295.9145261417, 0.0946059954722283
29295.9155788538, 0.0946054096733243
29295.9166320373, 0.0946047524593723
29295.9176857154, 0.0946040300046059
29295.9187398898, 0.0946032491926865
29295.9197945484, 0.0946024175437778
29295.9208496539, 0.0946015431474676
29295.92190513, 0.0946006345934095
29295.9229609246, 0.0945997008274561
29295.9240169277, 0.094598751126062
29295.9250730578, 0.0945977949203048
29295.9261291911, 0.0945968417545165
29295.9271852248, 0.0945959011232691
29295.928241057, 0.0163628068102826
29295.9292966046, 0
29295.9303517555, 0
29295.9314064542, 0
29295.9324606472, 0
29295.9335143049, 0
29295.9345674013, 0
29295.9356199556, 0
29295.9366719837, 0
29295.937723543, 0
29295.9387746946, 0
29295.9398255234, 0
29295.9408761224, 0
29295.9419265841, 0
29295.9429770029, 0
29295.9440275134, 0
29295.9450781935, 0
29295.946129146, 0
29295.9471804589, 0
29295.9482321836, 0
29295.9492843832, 0
29295.9503370772, 0
29295.9513902621, 0
29295.9524439244, 0
29295.9534980298, 0.0945934876439117
29295.9545525147, 0.0945942720714397
29295.9556073013, 0.0945950766278963
29295.9566623116, 0.094595891972182
29295.9577174427, 0.0945967086198957
29295.9587725908, 0.0945975170669606
29295.9598276649, 0.0945983079061138
29295.960882566, 0.0945990719156147
29295.9619372192, 0.0945998001854138
29295.9629915645, 0.0946004842065528
29295.9640455441, 0.0946011159549222
29295.9650991102, 0.0946016879836609
29295.9661522629, 0.0946021935197164
29295.9672050157, 0.0946026265097316
29295.9682573758, 0.0946029816740697
29295.9693093815, 0.0946032545745393
29295.9703610874, 0.0946034416472766
29295.9714125656, 0.0946035402336495
29295.9724638855, 0.0946035486009893
29295.973515145, 0.0946034659574671
29295.9745664358, 0.0946032924546534
29295.9756178555, 0.0946030291843948
29295.976669479, 0.0946026781751395
29295.9777214009, 0.0946022423605839
29295.9787736969, 0.0946017255613253
29295.9798264232, 0.0946011324529307
29295.9808796197, 0.094600468521899
29295.9819333251, 0.0945997400029671
29295.9829875361, 0.0945989538459732
29295.984042217, 0.0945981176459888
29295.9850973339, 0.0945972395403928
29295.9861528262, 0.0945963281462455
29295.9872086104, 0.0945953924677592
29295.9882646044, 0.0945944417782764
29295.9893207164, 0.0945934855289752
29295.9903768147, 0.0945925332719641
29295.9914328014, 0.0945915944876269
29295.9924885903, 0
29295.9935440605, 0
29295.9945991387, 0
29295.9956537598, 0
29295.9967078715, 0
29295.997761437, 0
29295.9988144516, 0
29295.999866916, 0
29296.0009188584, 0
29296.0019703382, 0
29296.0030214133, 0
29296.0040721676, 0
29296.0051227139, 0
29296.0061731274, 0
29296.0072235287, 0
29296.0082740088, 0
29296.0093247002, 0
29296.0103756696, 0
29296.0114270115, 0
29296.0124787843, 0
29296.0135310312, 0
29296.0145837805, 0
29296.0156370312, 0
29296.0166907541, 0
29296.0177449172, 0.0945893500575741
29296.0187994579, 0.0945901368080152
29296.0198542836, 0.094590942758691
29296.0209093193, 0.094591758554371
29296.0219644652, 0.0945925747074777
29296.0230196287, 0.0945933817275433
29296.0240747113, 0.0945941702164298
29296.0251296153, 0.0945949309790557
29296.0261842802, 0.0945956551503135
29296.027238629, 0.0945963342533464
29296.0282926084, 0.0945969603206272
29296.0293461863, 0.0945975259748114
29296.030399335, 0.0945980244967204
29296.0314520775, 0.09459844991455
29296.0325044271, 0.0945987970329591
29296.0335564382, 0.0945990615030776
29296.0346081479, 0.0945992398447053
29296.0356596312, 0.0945993294925214
29296.0367109765, 0.0945993288076272
29296.0377622564, 0.0945992370921033
29296.0388135751, 0.094599054592186
29296.0398650315, 0.0945987824925993
29296.0409167021, 0.0945984229125346
29296.0419686854, 0.0945979788719109
29296.0430210533, 0.0945974542771541
29296.044073858, 0.0945968538866114
29296.0451271277, 0.0945961832707039
29296.0461808951, 0.0945954487404342
29296.0472351562, 0.0945946573122033
29296.0482898832, 0.0945938166326708
29296.0493450358, 0.0945929348931985
29296.050400559, 0.0945920207459203
29296.0514563737, 0.094591083221383
29296.0525123715, 0.0945901316369416
29296.0535684752, 0.0945891754413155
29296.0546245581, 0.0945882241816138
29296.0556805294, 0.0945872873212921
29296.0567362708, 0
29296.0577917003, 0
29296.0588467276, 0
29296.0599012959, 0
29296.0609553416, 0
29296.0620088323, 0
29296.0630617728, 0
29296.0641141555, 0
29296.0651660132, 0
29296.0662174119, 0
29296.067268411, 0
29296.0683191011, 0
29296.0693695877, 0
29296.0704199606, 0
29296.0714703413, 0
29296.0725208279, 0
29296.0735715167, 0
29296.0746225186, 0
29296.0756739032, 0
29296.0767257123, 0
29296.0777780052, 0
29296.0788308036, 0
29296.0798840976, 0
29296.0809378616, 0
29296.0819920525, 0.094585212190691
29296.0830466051, 0.0945860011539461
29296.0841014513, 0.094586808403864
29296.0851565019, 0.0945876245598436
29296.0862116557, 0.0945884401285186
29296.0872668185, 0.0945892456240188
29296.0883218969, 0.0945900316686622
29296.0893768048, 0.0945907891017598
29296.090431455, 0.0945915090752398
29296.0914857896, 0.0945921831717772
29296.0925397605, 0.0945928034804315
29296.0935933252, 0.0945933626797255
29296.0946464604, 0.0945938541224544
29296.0956991798, 0.0945942719093051
29296.0967515068, 0.0945946109316644
29296.0978034837, 0.094594866924568
29296.0988551672, 0.0945950365038733
29296.0999066401, 0.0945951171961617
29296.1009579834, 0.0945951074545006
29296.1020092779, 0.0945950066744766
29296.1030606278, 0.0945948151946317
29296.1041121416, 0.0945945342880441
29296.1051638977, 0.0945941661605103
29296.1062159607, 0.0945937139317898
29296.1072684141, 0.0945931815903559
29296.1083213093, 0.0945925739760603
29296.1093746835, 0.0945918967288898
29296.1104285546, 0.0945911562386269
29296.111482906, 0.094590359595259
29296.1125377113, 0.0945895145021009
29296.1135929385, 0.094588629192234
29296.1146485134, 0.0945877123737896
29296.1157043655, 0.0945867731001136
29296.1167603887, 0.0945858207066718
29296.1178165002, 0.0945848646562087
29296.1188725933, 0.0945839144768958
29296.1199285379, 0.0945829796549989
29296.1209842669, 0
29296.1220396753, 0
29296.1230946591, 0
29296.1241491745, 0
29296.1252031634, 0
29296.1262565979, 0
29296.1273094592, 0
29296.1283617755, 0
29296.1294135637, 0
29296.130464892, 0
29296.1315158344, 0
29296.1325664691, 0
29296.1336169057, 0
29296.134667256, 0
29296.1357176239, 0
29296.1367681206, 0
29296.1378188361, 0
29296.1388698699, 0
29296.1399212965, 0
29296.1409731579, 0
29296.1420254962, 0
29296.1430783308, 0
29296.1441316601, 0
29296.1451854568, 0
29296.1462396716, 0.0945810738814952
29296.147294229, 0.0945818649650388
29296.1483490817, 0.0945826734142853
29296.1494041187, 0.0945834898182049
29296.1504592698, 0.0945843047040704
29296.1515144214, 0.0945851085781402
29296.1525694888, 0.0945858920868141
29296.1536243813, 0.0945866460935623
29296.1546790192, 0.0945873617926448
29296.1557333383, 0.0945880308084467
29296.1567872774, 0.094588645277965
29296.1578408027, 0.0945891979495125
29296.1588939007, 0.0945896822519243
29296.1599465924, 0.0945900923644553
29296.1609988802, 0.0945904232529574
29296.1620508319, 0.0945906707471577
29296.1631024983, 0.0945908315498894
29296.1641539509, 0.0945909032791728
29296.1652052895, 0.0945908844836505
29296.1662566048, 0.0945907746502824
29296.1673079916, 0.0945905742097528
29296.1683595478, 0.0945902845298984
29296.1694113611, 0.0945899079048861
29296.1704635154, 0.0945894475322101
29296.1715160601, 0.0945889074977663
29296.1725690597, 0.0945882927150215
29296.1736225328, 0.0945876089103456
29296.1746764876, 0.0945868625514742
29296.1757309243, 0.0945860607801979
29296.1767858183, 0.0945852113529715
29296.1778411117, 0.0945843225712187
29296.178896746, 0.0945834031688086
29296.1799526315, 0.0945824622451678
29296.1810086793, 0.0945815091392002
29296.1820647949, 0.0945805533324132
29296.1831208826, 0.0945796043403111
29296.1841768299, 0.0945786716211041
29296.1852325342, 0
29296.186287909, 0
29296.1873428711, 0
29296.1883973496, 0
29296.1894512933, 0
29296.1905046684, 0
29296.1915574848, 0
29296.1926097413, 0
29296.193661493, 0
29296.1947127974, 0
29296.1957637145, 0
29296.1968143479, 0
29296.1978648101, 0
29296.1989151928, 0
29296.1999656035, 0
29296.2010161523, 0
29296.2020669191, 0
29296.2031180061, 0
29296.2041694786, 0
29296.2052213936, 0
29296.2062737765, 0
29296.2073266533, 0
29296.2083800152, 0
29296.2094338336, 0
29296.2104880605, 0.0945769350416542
29296.2115426443, 0.0945777281602182
29296.2125975133, 0.0945785377128327
29296.2136525734, 0.0945793542887813
29296.2147077399, 0.094580168401844
29296.2157629109, 0.0945809705753402
29296.2168179885, 0.0945817514636887
29296.2178728893, 0.0945825019639413
29296.2189275309, 0.0945832133064683
29296.2199818405, 0.0945838771575514
29296.2210357645, 0.0945844857157341
29296.2220892768, 0.0945850317975592
29296.2231423658, 0.0945855089027113
29296.2241950127, 0.0945859112727158
29296.2252472881, 0.0945862339826479
29296.2262992157, 0.0945864729336502
29296.2273508604, 0.0945866249240977
29296.2284023098, 0.094586687665642
29296.2294536531, 0.0945866597984353
29296.230504989, 0.0945865409025391
29296.2315564117, 0.0945863315008991
29296.2326080034, 0.0945860330575058
29296.2336598695, 0.0945856479523707
29296.234712076, 0.094585179477288
29296.2357646894, 0.0945846317947271
29296.2368177512, 0.0945840099101558
29296.2378712944, 0.0945833196168105
29296.2389253211, 0.0945825674547187
29296.2399798268, 0.0945817606309392
29296.2410347756, 0.0945809069658838
29296.2420901125, 0.0945800148057278
29296.2431457805, 0.0945790929204283
29296.2442016869, 0.0945781504396226
29296.2452577396, 0.0945771967225274
29296.2463138527, 0.094576241249851
29296.2473699281, 0.0945752935360029
29296.2484258471, 0.0945743630306524
29296.249481505, 0
29296.2505368219, 0
29296.2515917143, 0
29296.2526461172, 0
29296.2536999927, 0
29296.2547533183, 0
29296.2558060838, 0
29296.2568583169, 0
29296.2579100587, 0
29296.2589613486, 0
29296.2600122876, 0
29296.2610629505, 0
29296.2621134374, 0
29296.2631638539, 0
29296.2642143022, 0
29296.2652648801, 0
29296.2663156979, 0
29296.2673668309, 0
29296.2684183573, 0
29296.2694703216, 0
29296.2705227655, 0
29296.2715756906, 0
29296.2726290995, 0
29296.2736829611, 0
29296.2747372392, 0.0945727957071295
29296.2757918661, 0.0945735907740403
29296.2768467682, 0.0945744013414089
29296.2779018715, 0.0945752180023793
29296.2789570723, 0.0945760312546654
29296.280012272, 0.0945768316329698
29296.28106737, 0.0945776098088255
29296.2821222776, 0.0945783567050868
29296.2831769183, 0.094579063595685
29296.2842312159, 0.0945797221934404
29296.2852851137, 0.0945803247531644
29296.2863386009, 0.0945808641654719
29296.2873916592, 0.0945813339984016
29296.2884442989, 0.0945817285826149
29296.2894965578, 0.094582043062072
29296.2905484716, 0.0945822734300801
29296.2916001211, 0.0945824165770567
29296.2926515839, 0.0945824703035752
29296.2937029398, 0.094582433343701
29296.2947543001, 0.0945823053717004
29296.2958057417, 0.0945820870076345
29296.2968573629, 0.0945817798062525
29296.2979092609, 0.0945813862406868
29296.2989615049, 0.0945809096900631
29296.3000141454, 0.0945803544101587
29296.3010672449, 0.0945797254759752
29296.302120826, 0.0945790287608286
29296.3031748851, 0.0945782708773532
29296.3042294188, 0.0945774590939102
29296.3052844008, 0.0945766012765585
29296.3063397595, 0.0945757058299138
29296.3073954352, 0.0945747815626925
29296.3084513561, 0.094573837612287
29296.3095074175, 0.0945728833652346
29296.3105635212, 0.094571928319601
29296.3116195652, 0.0945709819887172
29296.3126754364, 0.0945700538018039
29296.3137310389, 0
29296.3147862834, 0
29296.3158410948, 0
29296.3168954223, 0
29296.3179492095, 0
29296.3190024568, 0
29296.3200551529, 0
29296.3211073213, 0
29296.3221590031, 0
29296.3232102642, 0
29296.3242611717, 0
29296.3253118236, 0
29296.3263623121, 0
29296.327412733, 0
29296.3284632093, 0
29296.3295138199, 0
29296.3305646681, 0
29296.3316158378, 0
29296.3326673922, 0
29296.3337193872, 0
29296.3347718579, 0
29296.3358248107, 0
29296.3368782561, 0
29296.3379321538, 0
29296.3389864632, 0.0945686559433244
29296.3400411137, 0.0945694528593881
29296.3410960515, 0.0945702643572605
29296.3421511677, 0.0945710809926854
29296.3432063758, 0.0945718932765051
29296.3442615813, 0.0945726917565256
29296.3453166695, 0.0945734671141414
29296.3463715585, 0.0945742103080991
29296.3474261649, 0.0945749126484356
29296.3484804287, 0.0945755659084084
29296.3495343053, 0.0945761624066186
29296.350587757, 0.0945766950831981
29296.3516407795, 0.0945771575868258
29296.352693389, 0.0945775443284928
29296.353745616, 0.0945778505326219
29296.3547975051, 0.0945780722828304
29296.3558491339, 0.0945782065590235
29296.3569005729, 0.0945782512550442
29296.3579519161, 0.0945782052003926
29296.3590032804, 0.0945780681617232
29296.36005473, 0.0945778408542032
29296.3611063698, 0.0945775249239312
29296.3621582814, 0.0945771229402337
29296.3632105419, 0.0945766383689119
29296.3642632111, 0.0945760755447668
29296.3653163353, 0.0945754396306716
29296.3663699376, 0.0945747365747756
29296.3674240321, 0.0945739730446865
29296.3684785977, 0.0945731563811455
29296.3695335921, 0.0945722945164809
29296.3705889683, 0.0945713958797461
29296.3716446697, 0.0945704693108073
29296.3727006028, 0.0945695239909818
29296.3737566569, 0.0945685693279415
29296.3748127412, 0.0945676148177445
29296.3758687517, 0.0945666699696065
29296.3769245884, 0.0945657441847862
29296.3779801402, 0
29296.3790353182, 0
29296.3800900561, 0
29296.3811442924, 0
29296.3821979922, 0
29296.3832511344, 0
29296.384303732, 0
29296.3853558073, 0
29296.3864074, 0
29296.3874585739, 0
29296.3885094158, 0
29296.3895600099, 0
29296.3906104521, 0
29296.3916608527, 0
29296.3927113128, 0
29296.3937619303, 0
29296.3948127808, 0
29296.3958639582, 0
29296.3969155309, 0
29296.3979675419, 0
29296.3990200334, 0
29296.4000730126, 0
29296.4011264677, 0
29296.4021803763, 0
29296.4032347055, 0.0945645156385784
29296.404289373, 0.0945653143175989
29296.4053443018, 0.0945661266308914
29296.4063994168, 0.094566943150236
29296.4074546009, 0.0945677543637129
29296.4085097745, 0.0945685508418867
29296.4095648381, 0.0945693232991165
29296.4106196796, 0.0945700627035302
29296.4116742476, 0.0945707604288016
29296.4127284577, 0.0945714082821382
29296.4137822669, 0.0945719986433345
29296.4148356476, 0.0945725245258078
29296.4158885997, 0.0945729796536501
29296.4169411386, 0.0945733585166977
29296.4179932988, 0.094573656425113
29296.41904513, 0.0945738695513506
29296.4200967201, 0.0945739949661889
29296.4211481402, 0.0945740306533715
29296.4221994814, 0.0945739755336595
29296.4232508457, 0.0945738294684605
29296.4243023115, 0.0945735932650703
29296.4253539747, 0.0945732686631825
29296.4264059279, 0.0945728583180594
29296.4274582384, 0.094572365785016
29296.4285109596, 0.0945717954856983
29296.4295641339, 0.0945711526646938
29296.4306177867, 0.0945704433427663
29296.4316719429, 0.0945696742463171
29296.4327265617, 0.0945688527898263
29296.4337816133, 0.0945679869479507
29296.4348370371, 0.0945670852039896
29296.4358927675, 0.094566156440433
29296.4369487216, 0.0945652098538161
29296.4380048042, 0.0945642548518039
29296.4390609042, 0.0945633009524004
29296.4401169185, 0.0945623576575881
29296.4411727278, 0.0945614343681603
29296.4422282524, 0
29296.443283389, 0
29296.4443380796, 0
29296.445392254, 0
29296.4464458816, 0
29296.4474989413, 0
29296.448551458, 0
29296.4496034478, 0
29296.4506549592, 0
29296.4517060585, 0
29296.452756834, 0
29296.4538073801, 0
29296.4548577885, 0
29296.4559081642, 0
29296.4569586004, 0
29296.458009202, 0
29296.4590600545, 0
29296.4601112552, 0
29296.4611628468, 0
29296.4622148842, 0
29296.4632674022, 0
29296.4643204016, 0
29296.4653738682, 0
29296.4664277931, 0
29296.4674821073, 0.0945603748701277
29296.4685367605, 0.0945611751995345
29296.4695916708, 0.0945619882309313
29296.4706467563, 0.0945628045227447
29296.4717019093, 0.0945636145719911
29296.4727570402, 0.0945644089543261
29296.4738120392, 0.0945651783996159
29296.4748668327, 0.0945659139368061
29296.4759213407, 0.0945666069612106
29296.4769754832, 0.0945672493352476
29296.4780292291, 0.0945678335053517
29296.4790825525, 0.0945683525518956
29296.4801354507, 0.0945688002704546
29296.4811879302, 0.0945691712271119
29296.4822400402, 0.0945694608217231
29296.4832918426, 0.0945696653156596
29296.4843433981, 0.0945697818648601
29296.485394798, 0.0945698085490873
29296.4864461272, 0.0945697443822464
29296.4874974944, 0.0945695893188453
29296.4885489801, 0.0945693442578704
29296.4896006845, 0.0945690110275834
29296.4906526795, 0.0945685923789654
29296.4917050469, 0.0945680919483229
29296.4927578361, 0.0945675142404047
29296.4938110942, 0.0945668645735412
29296.4948648356, 0.0945661490464032
29296.4959190519, 0.0945653744764038
29296.4969737335, 0.094564548315819
29296.4980288527, 0.0945636785876615
29296.499084342, 0.0945627738225412
29296.5001401286, 0.0945618429419322
29296.5004286387, 0.0945615852677365

