(DefaultSC.A1ModJulian) vs (DefaultSC.SolarPowerSystem1.TotalPowerAvailable)
DefaultSC.A1ModJulian   DefaultSC.SolarPowerSystem1.TotalPowerAvailable
DefaultSC.SolarPowerSystem1.TotalPowerAvailable
29294.5004286387, 0.0947000328597662
29294.5011230831, 0.0946998082012692
29294.5021669065, 0.0946994043987303
29294.5032597374, 0.0946988997682549
29294.5043585062, 0.0946983125391734
29294.5054583603, 0.0946976500456789
29294.5065587733, 0.0946969187507536
29294.5076597011, 0.0946961256259982
29294.5087611221, 0.0946952782976287
29294.5098630059, 0.0946943849847158
29294.5109652999, 0.0946934544245757
29294.5120679363, 0.0946924957757938
29294.5131708298, 0.0946915185231407
29294.5142738937, 0.0946905323604816
29294.5153770163, 0.0946895471056966
29294.5164800974, 0.0946885725596258
29294.5175830358, 0.0946876184083065
29294.5186857398, 0
29294.5197881137, 0
29294.5208900591, 0
29294.5219915415, 0
29294.5230925044, 0
29294.5241929392, 0
29294.5252928501, 0
29294.5263922492, 0
29294.527491193, 0
29294.52858973, 0
29294.5296879308, 0
29294.5307858988, 0
29294.5318837075, 0
29294.5329814653, 0
29294.5340792688, 0
29294.5351772166, 0
29294.5362753899, 0
29294.5373738651, 0
29294.5384727039, 0
29294.5395719397, 0
29294.5406716293, 0
29294.5417717539, 0
29294.5428723158, 0
29294.5439732832, 0.094685670773765
29294.5450746135, 0.0946864731202257
29294.5461762635, 0.094687298358788
29294.5472781398, 0.0946881368902098
29294.5483801543, 0.0946889789677702
29294.5494822244, 0.0946898148051956
29294.5505842381, 0.0946906346585911
29294.5516861225, 0.0946914289861547
29294.5527877808, 0.0946921885066289
29294.5538891498, 0.0946929043429947
29294.5549901542, 0.0946935680874769
29294.5560907524, 0.0946941719223948
29294.5571909097, 0.0946947086849565
29294.5582906346, 0.0946951719580772
29294.5593899436, 0.0946955561147713
29294.5604888731, 0.094695856378305
29294.5615874627, 0.0946960688631693
29294.5626857877, 0.0946961906171535
29294.5637839374, 0.0946962196376667
29294.564882006, 0.0946961548870232
29294.5659800972, 0.0946959962995995
29294.5670783008, 0.0946957447841149
29294.56817671, 0.0946954022133273
29294.5692754174, 0.0946949714042531
29294.5703744885, 0.0946944561024182
29294.5714739998, 0.0946938609306601
29294.572573989, 0.0946931913693113
29294.5736744922, 0.0946924536856049
29294.5747755064, 0.0946916548968228
29294.5758769937, 0.0946908027036602
29294.5769789498, 0.0946899053581973
29294.578081306, 0.0946889716542057
29294.579183991, 0.0946880107883198
29294.5802869229, 0.0946870322671942
29294.5813899987, 0.0946860458136655
29294.5824931204, 0.094685061237128
29294.5835961937, 0.0946840883259818
29294.5846991078, 0.0946831367571924
29294.5858017768, 0
29294.5869040907, 0
29294.5880059918, 0
29294.5891074279, 0
29294.590208349, 0
29294.5913087438, 0
29294.5924086108, 0
29294.5935079842, 0
29294.5946068776, 0
29294.595705369, 0
29294.596803537, 0
29294.5979014634, 0
29294.5989992395, 0
29294.6000969799, 0
29294.6011947762, 0
29294.6022927177, 0
29294.6033908899, 0
29294.6044893879, 0
29294.6055882455, 0
29294.6066875284, 0
29294.6077872584, 0
29294.6088874406, 0
29294.6099880683, 0
29294.6110891067, 0.0946813592344126
29294.6121905028, 0.0946821642009151
29294.6132921956, 0.0946829911114107
29294.614394103, 0.0946838303556066
29294.6154961406, 0.0946846721809074
29294.6165982197, 0.0946855067987169
29294.6177002413, 0.0946863244876241
29294.6188021271, 0.0946871157247832
29294.6199037722, 0.0946878712570683
29294.6210051221, 0.0946885822571132
29294.6221061092, 0.0946892403747172
29294.6232067007, 0.0946898378569173
29294.6243068644, 0.0946903676086944
29294.6254065939, 0.0946908232799733
29294.6265059136, 0.0946911993280305
29294.6276048441, 0.0946914910579567
29294.6287034442, 0.0946916946804831
29294.6298017832, 0.0946918073349788
29294.6308999592, 0.094691827114339
29294.6319980601, 0.0946917530763118
29294.6330961644, 0.0946915852568717
29294.6341943992, 0.0946913246568933
29294.6352928411, 0.0946909732466444
29294.6363915926, 0.0946905339319263
29294.6374907209, 0.0946900105447701
29294.6385902828, 0.0946894078023446
29294.6396903241, 0.0946887312614214
29294.6407908701, 0.0946879872706523
29294.6418919361, 0.0946871829022101
29294.6429934912, 0.0946863259091539
29294.6440954968, 0.0946854246216262
29294.6451978979, 0.0946844878659069
29294.6463006078, 0.0946835248855877
29294.6474035634, 0.0946825451947614
29294.6485066511, 0.0946815585387235
29294.6496097758, 0.0946805747271384
29294.6507128258, 0.0946796035558127
29294.6518157086, 0.0946786546664946
29294.6529183284, 0
29294.6540205987, 0
29294.6551224457, 0
29294.6562238369, 0
29294.6573247164, 0
29294.658425071, 0
29294.659524891, 0
29294.6606242103, 0
29294.6617230796, 0
29294.6628215487, 0
29294.6639196843, 0
29294.6650175755, 0
29294.6661153352, 0
29294.6672130472, 0
29294.6683108212, 0
29294.66940875, 0
29294.6705069354, 0
29294.6716054422, 0
29294.6727043419, 0
29294.6738036665, 0
29294.6749034492, 0
29294.6760036921, 0
29294.6771043926, 0
29294.6782054859, 0.0946770474578674
29294.6793069495, 0.0946778549519913
29294.6804086923, 0.0946786834431139
29294.6815106407, 0.0946795233088633
29294.682612707, 0.0946803647869837
29294.6837148075, 0.0946811980955054
29294.6848168296, 0.0946820135169851
29294.6859186989, 0.0946828015564712
29294.6870203329, 0.094683553011394
29294.6881216569, 0.0946842590847394
29294.689222617, 0.0946849114890584
29294.6903231784, 0.0946855025320451
29294.6914233111, 0.0946860251895646
29294.6925230187, 0.0946864731921329
29294.6936223288, 0.0946868410783907
29294.6947212622, 0.0946871242385246
29294.6958198777, 0.0946873189720651
29294.6969182387, 0.0946874225099802
29294.6980164372, 0.0946874330406969
29294.6991145723, 0.094687349718885
29294.7002127334, 0.0946871726739199
29294.701311009, 0.0946869030095168
29294.7024095202, 0.0946865427795573
29294.7035083328, 0.0946860949924383
29294.7046075303, 0.094685563563344
29294.7057071697, 0.0946849532926728
29294.7068072867, 0.0946842698219596
29294.7079079117, 0.0946835195703073
29294.7090090483, 0.0946827096849642
29294.7101106672, 0.0946818479781543
29294.7112127204, 0.0946809428394321
29294.712315169, 0.0946800031244168
29294.7134179261, 0.0946790381090442
29294.7145209067, 0.0946780573491665
29294.7156240077, 0.0946770705935477
29294.7167271283, 0.0946760876582414
29294.7178301911, 0.0946751182995071
29294.7189330653, 0.0946741721731408
29294.720035657, 0
29294.7211379079, 0
29294.7222397354, 0
29294.7233410832, 0
29294.7244419143, 0
29294.7255422201, 0
29294.7266420064, 0
29294.7277412879, 0
29294.7288401026, 0
29294.7299385338, 0
29294.7310366519, 0
29294.7321345302, 0
29294.7332322704, 0
29294.7343299813, 0
29294.7354277689, 0
29294.7365257181, 0
29294.7376239247, 0
29294.7387224718, 0
29294.7398214114, 0
29294.7409207857, 0
29294.7420206205, 0
29294.7431209267, 0
29294.7442216785, 0
29294.7453228346, 0.0946727354296412
29294.746424336, 0.094673545347111
29294.7475261285, 0.0946743753333448
29294.7486281228, 0.0946752157375855
29294.7497302134, 0.0946760567771732
29294.7508323139, 0.0946768886723815
29294.7519343358, 0.0946777017389851
29294.7530361896, 0.09467848649601
29294.7541377931, 0.0946792337772398
29294.7552390715, 0.0946799348317883
29294.7563399742, 0.0946805814298902
29294.7574404746, 0.0946811659478307
29294.758540549, 0.0946816814352231
29294.7596401975, 0.0946821216979575
29294.7607394489, 0.0946824813588206
29294.7618383439, 0.0946827559009311
29294.7629369353, 0.0946829417109829
29294.7640353001, 0.0946830361129919
29294.7651335348, 0.0946830373859505
29294.7662317131, 0.0946829447782929
29294.7673299254, 0.0946827585164134
29294.7684282791, 0.0946824797944481
29294.7695268563, 0.0946821107701713
29294.7706257539, 0.0946816545342405
29294.771725027, 0.0946811151019145
29294.7728247442, 0.094680497353692
29294.7739249353, 0.0946798070139509
29294.7750256333, 0.0946790505737554
29294.7761268322, 0.0946782352541576
29294.7772285136, 0.0946773689184027
29294.7783306318, 0.0946764600041008
29294.7794331309, 0.0946755174221624
29294.7805359219, 0.0946745504828435
29294.7816389294, 0.0946735687552423
29294.7827420708, 0.0946725819805302
29294.7838452281, 0.0946715999906095
29294.7849482932, 0.0946706325586359
29294.7860511638, 0.0946696892938774
29294.78715376, 0
29294.7882559962, 0
29294.7893578031, 0
29294.7904591151, 0
29294.7915599066, 0
29294.7926601697, 0
29294.7937599127, 0
29294.7948591565, 0
29294.7959579359, 0
29294.7970563347, 0
29294.7981544212, 0
29294.7992522766, 0
29294.8003500209, 0
29294.8014477402, 0
29294.8025455419, 0
29294.8036435126, 0
29294.8047417568, 0
29294.8058403384, 0
29294.8069393224, 0
29294.8080387424, 0
29294.8091386148, 0
29294.8102389534, 0
29294.8113397312, 0.0913274631586015
29294.8124409238, 0.094668423191393
29294.8135424604, 0.0946692354492756
29294.8146442717, 0.0946700668231343
29294.8157462561, 0.0946709076368793
29294.816848355, 0.0946717481381436
29294.8179504265, 0.0946725785108968
29294.819052414, 0.0946733891113157
29294.8201542195, 0.0946741704792714
29294.821255763, 0.0946749134874134
29294.8223569692, 0.0946756094318795
29294.8234577989, 0.0946762501458828
29294.8245582126, 0.0946768280625135
29294.8256582019, 0.0946773363118274
29294.8267577759, 0.0946777687805687
29294.8278569657, 0.09467812017384
29294.8289558106, 0.0946783860604237
29294.8300543648, 0.0946785629174272
29294.831152701, 0.094678648161457
29294.8322509223, 0.0946786401668596
29294.8333490988, 0.0946785382777379
29294.8344473224, 0.094678342816106
29294.8355456948, 0.0946780550722064
29294.836644305, 0.0946776772952232
29294.8377432303, 0.0946772126741902
29294.8388425466, 0.0946766653034856
29294.8399423045, 0.0946760401553751
29294.841042533, 0.0946753430341577
29294.8421432694, 0.0946745805006419
29294.8432445086, 0.0946737598401461
29294.844346213, 0.0946728889885464
29294.8454483601, 0.0946719764144332
29294.8465508842, 0.0946710310760861
29294.8476537058, 0.094670062305571
29294.848756734, 0.0946690797053667
29294.8498598849, 0.0946680930278464
29294.8509630395, 0.0946671121047073
29294.8520660788, 0.0946661467067803
29294.8531689266, 0.0946652063979645
29294.8542714863, 0
29294.8553736807, 0
29294.8564754408, 0
29294.8575766991, 0
29294.8586774219, 0
29294.8597776197, 0
29294.860877289, 0
29294.8619764594, 0
29294.863075184, 0
29294.8641735294, 0
29294.8652715767, 0
29294.8663693989, 0
29294.8674671233, 0
29294.8685648439, 0
29294.8696626537, 0
29294.8707606386, 0
29294.8718588925, 0
29294.8729575018, 0
29294.8740565239, 0
29294.8751559897, 0
29294.8762559116, 0
29294.8773563076, 0
29294.8784571402, 0.0946633236594412
29294.8795583751, 0.09466411052399
29294.8806599402, 0.0946649250161042
29294.8817617736, 0.094665757678588
29294.8828637804, 0.0946665988257757
29294.8839658685, 0.094667438675609
29294.8850679354, 0.0946682674482592
29294.8861698962, 0.0946690754960099
29294.8872716618, 0.0946698533934696
29294.88837315, 0.0946705920502157
29294.8894743013, 0.0946712828205586
29294.890575075, 0.09467191759236
29294.8916754327, 0.0946724888634278
29294.8927753634, 0.0946729898338843
29294.893874886, 0.0946734144725915
29294.8949740095, 0.0946737575607668
29294.8960728023, 0.0946740147652642
29294.8971713015, 0.0946741826505828
29294.8982696157, 0.09467425873063
29294.8993677937, 0.094674241471754
29294.9004659397, 0.0946741303170608
29294.9015641409, 0.094673925684511
29294.9026625019, 0.0946736289584247
29294.9037611054, 0.0946732424827524
29294.9048600282, 0.0946727695378306
29294.9059593492, 0.0946722143037535
29294.90705911, 0.094671581840153
29294.9081593673, 0.0946708780110197
29294.9092601095, 0.0946701094795414
29294.9103613587, 0.0946692835778619
29294.9114630881, 0.0946684082888075
29294.9125652531, 0.0946674921452999
29294.9136677953, 0.0946665441388773
29294.9147706313, 0.0946655736336845
29294.9158736684, 0.0946645902533254
29294.9169768039, 0.0946636037756352
29294.9180799384, 0.0946626240132088
29294.9191829678, 0.0946616607113074
29294.9202857784, 0.0946607234440688
29294.9213882834, 0
29294.9224904112, 0
29294.923592092, 0
29294.924693279, 0
29294.9257939311, 0
29294.9268940471, 0
29294.9279936372, 0
29294.9290927433, 0
29294.9301913979, 0
29294.9312896799, 0
29294.9323876751, 0
29294.9334854648, 0
29294.9345831487, 0
29294.9356808425, 0
29294.9367786325, 0
29294.9378766192, 0
29294.9389748881, 0
29294.9400735253, 0
29294.9411725702, 0
29294.9422720682, 0
29294.9433720429, 0
29294.9444724832, 0
29294.9455733653, 0.0946590075706583
29294.9466746405, 0.0946597974881492
29294.9477762455, 0.0946606141149303
29294.9488781084, 0.0946614479627573
29294.9499801451, 0.0946622893404664
29294.9510822516, 0.0946631284536973
29294.952184339, 0.0946639555404678
29294.9532863039, 0.0946647609569795
29294.954388065, 0.0946655353122041
29294.9554895409, 0.0946662695547706
29294.9565906749, 0.09466695508899
29294.9576914217, 0.0946675838570518
29294.9587917532, 0.0946681484277065
29294.9598916732, 0.0946686420791052
29294.9609911821, 0.0946690588488246
29294.9620903, 0.0946693936058199
29294.9631890899, 0.0946696421024331
29294.9642875925, 0.0946698009956234
29294.9653858906, 0.0946698678921093
29294.9664840586, 0.0946698413589294
29294.9675821875, 0.0946697209374617
29294.9686803885, 0.0946695071396581
29294.9697787323, 0.094669201452988
29294.9708773331, 0.0946688063076494
29294.9719762521, 0.0946683250794843
29294.9730755749, 0.0946677620327092
29294.9741753472, 0.0946671223060639
29294.9752756002, 0.094666411856025
29294.976376365, 0.0946656373877133
29294.9774776372, 0.0946648063127772
29294.9785793775, 0.0946639266797468
29294.979681552, 0.0946630070604532
29294.98078409, 0.0946620564945186
29294.9818869148, 0.0946610843687329
29294.9829899344, 0.0946601003239409
29294.9840930495, 0.0946591141420752
29294.985196141, 0.0946581356503386
29294.9862991166, 0.0946571745693783
29294.9874018699, 0.0946562404426941
29294.9885043132, 0
29294.9896063647, 0
29294.9907079605, 0
29294.9918090614, 0
29294.9929096277, 0
29294.9940096676, 0
29294.9951091891, 0
29294.9962082047, 0
29294.9973067909, 0
29294.9984050017, 0
29294.999502941, 0
29295.0006006902, 0
29295.0016983453, 0
29295.0027960069, 0
29295.0038937807, 0
29295.0049917747, 0
29295.006090057, 0
29295.0071887167, 0
29295.0082878027, 0
29295.0093873507, 0
29295.0104873845, 0
29295.011587882, 0
29295.0126888268, 0.0946546912075384
29295.0137901591, 0.0946554840944866
29295.0148918031, 0.0946563027576637
29295.0159937067, 0.0946571377004345
29295.0170957693, 0.0946579792064997
29295.0181978971, 0.0946588174872232
29295.0192999961, 0.0946596427852874
29295.020401961, 0.0946604454749667
29295.0215037185, 0.0946612162005919
29295.022605201, 0.0946619459591931
29295.023706335, 0.094662626191753
29295.0248070841, 0.0946632489029951
29295.0259074138, 0.0946638067234178
29295.027007321, 0.0946642930012289
29295.028106828, 0.0946647018626364
29295.0292059453, 0.0946650282562852
29295.0303047251, 0.0946652680212911
29295.0314032337, 0.0946654179124428
29295.0325015443, 0.0946654756279031
29295.0335997292, 0.0946654398306592
29295.0346978891, 0.0946653101575602
29295.0357961257, 0.0946650872170792
29295.0368945092, 0.0946647725927068
29295.0379931466, 0.0946643688108915
29295.0390921282, 0.0946638793257008
29295.0401915065, 0.0946633085012849
29295.0412913424, 0.094662661551003
29295.0423916707, 0.0946619445039607
29295.0434925028, 0.0946611641479871
29295.0445938341, 0.0946603279591818
29295.0456956293, 0.0946594440387361
29295.0467978398, 0.0946585210176022
29295.0479004026, 0.0946575679672244
29295.049003247, 0.0946565942966513
29295.0501062752, 0.0946556096690774
29295.0512093773, 0.0946546238828753
29295.0523124657, 0.0946536467329191
29295.0534154108, 0.094652687958667
29295.0545181262, 0.0946517570601226
29295.0556205301, 0
29295.0567225312, 0
29295.0578240716, 0
29295.0589250929, 0
29295.060025586, 0
29295.0611255395, 0
29295.0622249678, 0
29295.0633239047, 0
29295.0644224046, 0
29295.0655205445, 0
29295.0666184054, 0
29295.0677160849, 0
29295.0688136861, 0
29295.0699113198, 0
29295.0710090864, 0
29295.072107087, 0
29295.0732053891, 0
29295.0743040838, 0
29295.0754032112, 0
29295.0765028005, 0
29295.0776028642, 0
29295.0787034024, 0
29295.0798043725, 0.0946503746411492
29295.0809057268, 0.0946511703928124
29295.0820074064, 0.0946519910074839
29295.0831093273, 0.0946528269429656
29295.0842114002, 0.0946536684796887
29295.0853135394, 0.0946545058342261
29295.0864156366, 0.0946553292480249
29295.0875175994, 0.0946561291251733
29295.0886193496, 0.0946568961370171
29295.0897208131, 0.0946576213167114
29295.0908219374, 0.0946582961685354
29295.0919226788, 0.0946589127498732
29295.0930229891, 0.0946594637501489
29295.0941228776, 0.0946599425979905
29295.0952223567, 0.0946603434957246
29295.0963214592, 0.094660661484987
29295.0974202064, 0.0946608924865338
29295.0985186963, 0.0946610333558089
29295.0996169906, 0.0946610818839653
29295.1007151774, 0.0946610368302645
29295.1018133615, 0.0946608979248885
29295.1029116321, 0.0946606658721473
29295.1040100741, 0.0946603423453429
29295.1051087938, 0.0946599299597863
29295.1062078584, 0.0946594322667802
29295.1073073236, 0.0946588537156881
29295.1084072551, 0.0946581995980914
29295.1095076692, 0.0946574760303529
29295.1106085964, 0.094656689857098
29295.1117100078, 0.0946558486343551
29295.1128118748, 0.0946549605134553
29295.1139141586, 0.0946540341632485
29295.1150167815, 0.0946530787039593
29295.1161196714, 0.0946521035731619
29295.1172227278, 0.0946511184532918
29295.1183258401, 0.0946501331493561
29295.1194289258, 0.094649157446535
29295.1205318661, 0.0946482010591722
29295.1216345745, 0.0767865911206757
29295.1227369559, 0
29295.1238389264, 0
29295.124940424, 0
29295.1260413978, 0
29295.1271418204, 0
29295.128241701, 0
29295.1293410522, 0
29295.1304399171, 0
29295.1315383509, 0
29295.1326364328, 0
29295.1337342559, 0
29295.1348319067, 0
29295.135929499, 0
29295.1370271358, 0
29295.1381249141, 0
29295.1392229302, 0
29295.1403212646, 0
29295.1414199922, 0
29295.1425191667, 0
29295.1436188045, 0
29295.1447189029, 0
29295.1458194633, 0
29295.1469204425, 0.094646057814642
29295.1480218172, 0.0946468563456075
29295.1491235011, 0.0946476788009662
29295.1502254203, 0.0946485156250128
29295.1513274921, 0.094649357092851
29295.1524296197, 0.0946501934129634
29295.1535317067, 0.0946510148467092
29295.1546336637, 0.0946518118217386
29295.1557354075, 0.0946525750364763
29295.1568368579, 0.0946532955612674
29295.1579379631, 0.0946539649515509
29295.1590386752, 0.094654575322332
29295.1601389633, 0.0946551194395391
29295.1612388192, 0.094655590797267
29295.1623382546, 0.0946559836801304
29295.1634373058, 0.0946562932189904
29295.1645360319, 0.0946565154332886
29295.16563449, 0.0946566472617365
29295.1667327727, 0.0946566865948264
29295.1678309653, 0.0946566322852928
29295.1689291605, 0.0946564841598422
29295.1700274629, 0.0946562430158773
29295.1711259723, 0.0946559106133842
29295.1722247603, 0.0946554896680982
29295.173323899, 0.0946549838197579
29295.1744234732, 0.0946543975867399
29295.1755235076, 0.0946537363608734
29295.176624034, 0.0946530063247392
29295.1777250493, 0.0946522144154271
29295.178826554, 0.0946513682305129
29295.1799285064, 0.0946504759850265
29295.181030855, 0.0946495464037761
29295.1821335307, 0.0946485886362048
29295.1832364551, 0.0946476121514882
29295.1843395312, 0.0946466266441962
29295.1854426639, 0.0946456419101917
29295.1865457445, 0.0946446677520531
29295.1876486852, 0.0946437138398051
29295.1887513792, 0
29295.189853727, 0
29295.1909556672, 0
29295.1920571164, 0
29295.1931580458, 0
29295.194258438, 0
29295.1953582819, 0
29295.1964576077, 0
29295.1975564447, 0
29295.1986548565, 0
29295.1997529293, 0
29295.2008507549, 0
29295.2019484242, 0
29295.2030460466, 0
29295.2041437112, 0
29295.2052415285, 0
29295.2063396008, 0
29295.2074379881, 0
29295.2085367652, 0
29295.2096359653, 0
29295.2107356452, 0
29295.2118357851, 0
29295.2129363825, 0
29295.2140374068, 0.0946417406880719
29295.2151388071, 0.0946425419045501
29295.2162405189, 0.0946433661168522
29295.2173424634, 0.0946442037460289
29295.2184445633, 0.0946450450619023
29295.2195467041, 0.094645880260594
29295.2206488185, 0.0946466996372069
29295.2217507891, 0.0946474936201046
29295.2228525392, 0.0946482529452117
29295.2239539928, 0.0946489687279183
29295.2250550927, 0.0946496325717783
29295.2261557918, 0.0946502366526352
29295.2272560553, 0.0946507738036115
29295.2283558811, 0.0946512375979882
29295.229455295, 0.0946516224069642
29295.2305543265, 0.094651923444209
29295.2316530283, 0.0946521368184309
29295.2327514909, 0.0946522595662564
29295.2338497678, 0.0946522896681404
29295.234947971, 0.0946522260750055
29295.2360461908, 0.0946520687084603
29295.2371445262, 0.0946518184619351
29295.2382430762, 0.0946514771900704
29295.2393419152, 0.0946510476997345
29295.2404411275, 0.0946505337127111
29295.2415407557, 0.0946499398528134
29295.2426408525, 0.0946492715792979
29295.2437414394, 0.0946485351550356
29295.2448425281, 0.0946477375745414
29295.2459440995, 0.0946468865095162
29295.2470461095, 0.0946459902301884
29295.2481485071, 0.0946450575054196
29295.2492512198, 0.094644097522133
29295.2503541713, 0.0946431197725908
29295.2514572667, 0.0946421339636199
29295.2525603909, 0.0946411499126959
29295.253663457, 0.0946401773955345
29295.2547663631, 0.0946392260767246
29295.2558690182, 0
29295.2569713161, 0
29295.2580731973, 0
29295.2591745867, 0
29295.2602754618, 0
29295.2613757995, 0
29295.2624755987, 0
29295.2635748785, 0
29295.2646736998, 0
29295.2657721115, 0
29295.2668701948, 0
29295.2679680295, 0
29295.2690657215, 0
29295.2701633736, 0
29295.2712610808, 0
29295.2723589435, 0
29295.2734570633, 0
29295.2745554991, 0
29295.2756543313, 0
29295.2767535833, 0
29295.2778532911, 0
29295.278953465, 0
29295.2800541072, 0
29295.2811551609, 0.0946374232136908
29295.2822566016, 0.0946382270285534
29295.2833583529, 0.0946390529054978
29295.284460331, 0.0946398912431783
29295.2855624556, 0.0946407323009728
29295.2866646405, 0.0946415662986419
29295.2877667655, 0.094642383503976
29295.2888687559, 0.0946431744007174
29295.2899705055, 0.094643929737022
29295.2910719537, 0.0946446406824982
29295.2921730369, 0.0946452988894921
29295.2932737035, 0.0946458965937236
29295.2943739376, 0.0946464267080506
29295.2954737518, 0.0946468828860809
29295.2965731485, 0.0946472595693562
29295.2976721668, 0.0946475520616699
29295.2987708568, 0.0946477565613691
29295.2998693071, 0.0946478701987646
29295.3009675803, 0.0946478910511419
29295.3020657952, 0.0946478181642579
29295.3031640188, 0.0946476515586383
29295.3042623661, 0.0946473922228489
29295.3053609285, 0.0946470421082562
29295.3064597853, 0.094646604112894
29295.3075590246, 0.0946460820452332
29295.3086586897, 0.0946454806124067
29295.3097588199, 0.0946448053605845
29295.3108594453, 0.0946440626216045
29295.3119605618, 0.0946432594682458
29295.3130621569, 0.0946424036283204
29295.3141641871, 0.0946415034231214
29295.3152666042, 0.0946405676614747
29295.3163693379, 0.0946396055613832
29295.3174723008, 0.0946386266475463
29295.3185753968, 0.0946376406412301
29295.3196785165, 0.0946366573573228
29295.32078156, 0.094635686575039
29295.3218844224, 0.0946347379421147
29295.322987019, 0
29295.3240892525, 0
29295.3251910568, 0
29295.326292371, 0
29295.3273931594, 0
29295.3284934171, 0
29295.3295931469, 0
29295.3306923648, 0
29295.3317911285, 0
29295.3328894931, 0
29295.3339875429, 0
29295.3350853642, 0
29295.3361830479, 0
29295.3372807062, 0
29295.3383784232, 0
29295.3394762986, 0
29295.3405744294, 0
29295.3416728946, 0
29295.3427717428, 0
29295.3438710253, 0
29295.344970764, 0
29295.346070976, 0
29295.347171641, 0
29295.3482727421, 0.0946331053320403
29295.3493742113, 0.0946339116496846
29295.350475994, 0.0946347390973947
29295.3515779995, 0.0946355780511488
29295.3526801427, 0.0946364187591697
29295.3537823186, 0.0946372514305004
29295.3548844387, 0.0946380663711793
29295.3559864062, 0.0946388540728826
29295.3570881381, 0.0946396053350911
29295.3581895569, 0.0946403113599464
29295.3592905976, 0.0946409638531301
29295.3603912355, 0.0946415551274487
29295.3614914368, 0.0946420781540153
29295.3625912004, 0.0946425266579133
29295.3636905455, 0.0946428951716038
29295.3647895289, 0.0946431790903442
29295.3658881897, 0.0946433746985396
29295.3669866074, 0.094643479219124
29295.3680848697, 0.0946434908265357
29295.3691830774, 0.0946434086610338
29295.3702813133, 0.0946432328376172
29295.3713796794, 0.0946429644411898
29295.3724782543, 0.0946426055221791
29295.3735771436, 0.0946421590618428
29295.3746763956, 0.0946416289744589
29295.3757760834, 0.0946410200391763
29295.3768762396, 0.0946403378842883
29295.3779769, 0.0946395889105032
29295.3790780559, 0.094638780259454
29295.3801796877, 0.0946379197228407
29295.3812817616, 0.0946370156648124
29295.3823842125, 0.0946360769498158
29295.3834869689, 0.0946351128297386
29295.3845899368, 0.0946341328578821
29295.3856930286, 0.0946331467599301
29295.3867961503, 0.0946321643381223
29295.3878991757, 0.0946311953857445
29295.3890019994, 0.0946302495304977
29295.3901045442, 0
29295.3912067167, 0
29295.3923084516, 0
29295.3934096909, 0
29295.3945104006, 0
29295.3956105637, 0
29295.3967101939, 0
29295.3978093259, 0
29295.3989080021, 0
29295.4000062896, 0
29295.4011042699, 0
29295.4022020405, 0
29295.4032996868, 0
29295.404397314, 0
29295.4054950192, 0
29295.4065928974, 0
29295.4076910205, 0
29295.4087894904, 0
29295.409888348, 0
29295.4109876437, 0
29295.4120874081, 0
29295.4131876423, 0
29295.4142883312, 0
29295.4153894413, 0.0946287871514233
29295.4164909221, 0.0946295958799411
29295.4175926944, 0.09463042478626
29295.4186946892, 0.0946312642456873
29295.4197968157, 0.0946321044964011
29295.4208989865, 0.0946329357647954
29295.4220010831, 0.0946337483492047
29295.4231030091, 0.0946345327676343
29295.4242046965, 0.0946352798661737
29295.4253060666, 0.0946359808911978
29295.4264070577, 0.0946366276046562
29295.4275076295, 0.0946372123736225
29295.4286077571, 0.0946377282460652
29295.4297074535, 0.0946381690307131
29295.4308067412, 0.0946385293425819
29295.4319056562, 0.0946388046581383
29295.4330042716, 0.0946389913611665
29295.4341026577, 0.0946390867637752
29295.4352008971, 0.0946390891345179
29295.4362990849, 0.0946389977106869
29295.437397316, 0.0946388127028206
29295.4384956842, 0.094638535292216
29295.4395942858, 0.0946381676170598
29295.4406932068, 0.0946377127545922
29295.4417925087, 0.0946371747007088
29295.4428922523, 0.0946365583227413
29295.4439924641, 0.0946358693313065
29295.4450931854, 0.094635114196259
29295.4461943905, 0.0946343001373065
29295.4472960747, 0.094633434993991
29295.4483981958, 0.0946325271864248
29295.4495006932, 0.0946315856163048
29295.450603491, 0.0946306195702527
29295.4517065142, 0.0946296386058444
29295.4528096447, 0.0946286524867729
29295.4539127764, 0.0946276710267769
29295.4550158136, 0.0946267039817211
29295.4561186314, 0.0946257609755407
29295.4572211445, 0
29295.458323282, 0
29295.4594249749, 0
29295.4605261418, 0
29295.4616267786, 0
29295.4627268638, 0
29295.4638264029, 0
29295.4649254632, 0
29295.4660240632, 0
29295.4671222721, 0
29295.4682201885, 0
29295.469317906, 0
29295.4704155172, 0
29295.4715131154, 0
29295.4726108112, 0
29295.4737086858, 0
29295.4748068363, 0
29295.4759053218, 0
29295.4770042155, 0
29295.4781035475, 0
29295.4792033388, 0
29295.4803035951, 0
29295.4814042944, 0.0788442908773795
29295.4825054026, 0.094624468680754
29295.4836068823, 0.0946252797206164
29295.4847086509, 0.094626109998278
29295.4858106272, 0.0946269498644029
29295.4869127285, 0.0946277895578477
29295.4880148699, 0.094628619312747
29295.489116928, 0.0946294294397859
29295.4902188262, 0.0946302104977222
29295.4913204658, 0.0946309533474518
29295.492421776, 0.0946316492882778
29295.4935227078, 0.0946322901458932
29295.4946232226, 0.0946328683514334
29295.4957233005, 0.0946333770255389
29295.4968229423, 0.0946338100484898
29295.4979221882, 0.0946341621248463
29295.4990210619, 0.094634428814144
29295.5001196332, 0.0946346065919579
29295.5012179902, 0.0946346928673529
29295.502316215, 0.0946346860027059
29295.5034143989, 0.0946345853306816
29295.5045126344, 0.0946343911582843
29295.5056110362, 0.0946341047560718
29295.5067096751, 0.0946337283605664
29295.5078086415, 0.0946332651389934
29295.5089079972, 0.0946327191743335
29295.5100078115, 0.0946320954113728
29295.5111081086, 0.0946313996376036
29295.5122089054, 0.094630638410289
29295.5133101972, 0.094629818999983
29295.5144119618, 0.0946289493161479
29295.5155141386, 0.0946280378440559
29295.5166166931, 0.0946270935046523
29295.5177195321, 0.0946261256294831
29295.5188225756, 0.0946251438012807
29295.5199257225, 0.0946241577783759
29295.5210288554, 0.0946231773835329
29295.5221318773, 0.0946222123617802
29295.5232346875, 0.0946212722941335
29295.5243371757, 0
29295.5254392645, 0
29295.5265409002, 0
29295.5276420251, 0
29295.5287426079, 0
29295.5298426345, 0
29295.5309421311, 0
29295.532041119, 0
29295.5331396627, 0
29295.5342378355, 0
29295.5353357068, 0
29295.5364333939, 0
29295.5375309909, 0
29295.538628579, 0
29295.5397262631, 0
29295.5408241495, 0
29295.5419223159, 0
29295.5430208293, 0
29295.5441197519, 0
29295.5452191235, 0
29295.546318954, 0
29295.5474192379, 0
29295.5485199735, 0.0946193642760343
29295.5496211193, 0.0946201497927088
29295.550722621, 0.094620963055618
29295.5518244094, 0.0946217946155799
29295.5529263944, 0.09462263480155
29295.5540284891, 0.0946234738450921
29295.5551306033, 0.0946243019830487
29295.5562326477, 0.0946251095687279
29295.5573345187, 0.094625887168576
29295.5584361275, 0.0946266256883418
29295.559537415, 0.0946273164815298
29295.5606383255, 0.0946279514245872
29295.5617388161, 0.094628523010087
29295.5628388708, 0.0946290244321404
29295.5639384986, 0.0946294496518083
29295.5650377245, 0.0946297934510843
29295.5661365855, 0.0946300514821628
29295.5672351562, 0.0946302203118186
29295.5683335102, 0.0946302974408508
29295.5694317233, 0.0946302813298649
29295.5705299004, 0.0946301714100068
29295.5716281521, 0.094629968081004
29295.5727265646, 0.094629672713428
29295.5738252295, 0.0946292876321713
29295.5749242348, 0.094628816094063
29295.5760236469, 0.0946282622649836
29295.5771235135, 0.0946276311824639
29295.5782238703, 0.0946269287052476
29295.5793247236, 0.0946261614682176
29295.5804260832, 0.0946253367951939
29295.5815279143, 0.094624462660407
29295.5826301578, 0.0946235475961588
29295.5837327631, 0.0946226005756012
29295.5848356477, 0.0946216309514115
29295.5859387107, 0.0946206483443614
29295.587041863, 0.0946196625113734
29295.5881449885, 0.0946186832722772
29295.5892479806, 0.0946177203680745
29295.5903507461, 0.0946167833494789
29295.5914531987, 0
29295.592555252, 0
29295.5936568311, 0
29295.594757895, 0
29295.5958584181, 0
29295.5969583986, 0
29295.598057845, 0
29295.5991567985, 0
29295.6002553126, 0
29295.6013534435, 0
29295.6024512873, 0
29295.6035489307, 0
29295.6046464969, 0
29295.6057440739, 0
29295.6068417653, 0
29295.6079396498, 0
29295.6090378275, 0
29295.6101363688, 0
29295.6112353278, 0
29295.6123347427, 0
29295.6134346185, 0
29295.6145349669, 0
29295.6156357677, 0.0946150418594087
29295.6167369754, 0.0946158304390555
29295.6178385321, 0.0946166458436947
29295.6189403588, 0.0946174785921845
29295.6200423773, 0.0946183190086877
29295.6211444885, 0.0946191573122075
29295.622246605, 0.0946199837494543
29295.623348635, 0.0946207886903469
29295.6244504856, 0.0946215627382182
29295.625552073, 0.0946222968408683
29295.6266533411, 0.0946229824014413
29295.6277542312, 0.0946236113506781
29295.6288547079, 0.0946241762498112
29295.6299547591, 0.0946246703653472
29295.6310543861, 0.0946250877321147
29295.6321536068, 0.0946254232137734
29295.633252481, 0.0946256725567868
29295.6343510683, 0.0946258324144559
29295.6354494319, 0.0946259003818303
29295.6365476629, 0.0946258750175096
29295.6376458718, 0.0946257558475079
29295.6387441503, 0.0946255433701305
29295.6398426059, 0.0946252390471261
29295.6409413102, 0.0946248453020185
29295.6420403649, 0.0946243654775679
29295.6431398242, 0.0946238038316669
29295.6442397427, 0.0946231654811154
29295.6453401589, 0.0946224563588065
29295.6464410737, 0.0946216831728032
29295.6475424891, 0.0946208533160793
29295.6486443818, 0.0946199748097884
29295.6497466737, 0.0946190562485192
29295.6508493179, 0.094618106641416
29295.6519522187, 0.0946171353813144
29295.6530552953, 0.0946161520901102
29295.6541584297, 0.0946151665584391
29295.6552615334, 0.0946141885783786
29295.65636449, 0.0946132278861006
29295.6574672148, 0.0946122940006536
29295.6585696092, 0
29295.6596715995, 0
29295.6607731219, 0
29295.6618741355, 0
29295.6629746138, 0
29295.6640745476, 0
29295.6651739531, 0
29295.6662728616, 0
29295.6673713325, 0
29295.6684694315, 0
29295.6695672433, 0
29295.6706648664, 0
29295.6717624044, 0
29295.6728599513, 0
29295.6739576297, 0
29295.6750555176, 0
29295.6761537099, 0
29295.6772522779, 0
29295.678351279, 0
29295.6794507522, 0
29295.6805507047, 0
29295.6816511331, 0
29295.6827520104, 0.0946107189907822
29295.6838532831, 0.0946115105412004
29295.6849548948, 0.0946123279905719
29295.6860567784, 0.0946131618439128
29295.6871588328, 0.0946140023951781
29295.6882609698, 0.0946148398694086
29295.6893630994, 0.0946156645196874
29295.6904651174, 0.0946164667266285
29295.691566963, 0.0946172371460284
29295.6926685288, 0.094617966748692
29295.6937697684, 0.0946186469935985
29295.694870638, 0.0946192698777598
29295.6959710905, 0.0946198280206919
29295.6970711252, 0.0946203147670425
29295.6981707372, 0.0946207242271512
29295.6992699557, 0.0946210513523709
29295.7003688289, 0.0946212919736538
29295.7014674338, 0.094621442839005
29295.7025658294, 0.0946215016349066
29295.7036641077, 0.0946214670138107
29295.704762372, 0.0946213385970965
29295.7058607068, 0.0946211169808325
29295.7069592227, 0.0946208037221097
29295.7080579964, 0.0946204013360609
29295.7091571325, 0.0946199132530207
29295.7102566696, 0.094619343824446
29295.7113566695, 0.094618698245746
29295.7124571587, 0.0946179825341247
29295.713558148, 0.0946172034620974
29295.7146596263, 0.0946163684955722
29295.7157615632, 0.0946154857178873
29295.7168639122, 0.0946145637447451
29295.717966587, 0.0946136116556238
29295.7190695221, 0.0946126388451955
29295.7201726115, 0.0946116549749038
29295.7212757492, 0.0946106698313298
29295.7223788316, 0.0946096932158436
29295.7234817853, 0.0946087348118824
29295.7245844999, 0.0946078041365095
29295.7256868694, 0
29295.7267888297, 0
29295.7278903232, 0
29295.728991304, 0
29295.7300917442, 0
29295.7311916404, 0
29295.7322910211, 0
29295.7333898977, 0
29295.7344883377, 0
29295.7355864167, 0
29295.7366842075, 0
29295.7377818235, 0
29295.7388793662, 0
29295.7399769208, 0
29295.7410746084, 0
29295.7421725209, 0
29295.7432707467, 0
29295.7443693562, 0
29295.7454684097, 0
29295.7465679319, 0
29295.7476679486, 0
29295.7487684334, 0
29295.7498693662, 0.0946063958578622
29295.7509706986, 0.0946071902988373
29295.7520723721, 0.0946080097178107
29295.7531742789, 0.0946088445668502
29295.7542763604, 0.0946096851598805
29295.7553785109, 0.0946105217076591
29295.7564806286, 0.0946113444641795
29295.7575826355, 0.0946121438497454
29295.7586844318, 0.0946129105234431
29295.7597859542, 0.0946136355283123
29295.7608871405, 0.0946143103623999
29295.7619879416, 0.0946149270795467
29295.7630883253, 0.0946154783752559
29295.7641882928, 0.0946159576688576
29295.7652878496, 0.0946163591544169
29295.7663870212, 0.094616677865625
29295.7674858769, 0.0946169097258091
29295.7685844735, 0.0946170515680789
29295.7696828853, 0.0946171011735168
29295.7707811879, 0.0946170572879657
29295.7718795022, 0.0946169196265107
29295.7729779088, 0.0946166888781139
29295.7740765014, 0.0946163666968935
29295.7751753609, 0.0946159556897807
29295.7762745719, 0.0946154593859838
29295.7773741976, 0.0946148822130258
29295.7784742829, 0.094614229456225
29295.7795748432, 0.0946135072175137
29295.7806759025, 0.0946127223318942
29295.7817774404, 0.0946118823350943
29295.782879426, 0.0946109953661528
29295.7839818131, 0.0946100700872185
29295.785084534, 0.0946091155979155
29295.7861874932, 0.0946081413455096
29295.7872906089, 0.0946071569861032
29295.7883937807, 0.0946061723067886
29295.7894968909, 0.0946051971167595
29295.790599847, 0.0946042411005037
29295.7917025454, 0.0910968246045785
29295.7928049006, 0
29295.793906837, 0
29295.7950082915, 0
29295.7961092362, 0
29295.7972096271, 0
29295.7983094747, 0
29295.7994087963, 0
29295.8005076334, 0
29295.8016060341, 0
29295.8027040833, 0
29295.803801859, 0
29295.8048994702, 0
29295.8059970129, 0
29295.8070945891, 0
29295.8081923173, 0
29295.8092902692, 0
29295.8103885364, 0
29295.8114871906, 0
29295.8125862876, 0
29295.8136858534, 0
29295.8147859095, 0
29295.8158864454, 0
29295.8169874161, 0.0946020724603633
29295.818088787, 0.0946028696976604
29295.8191904715, 0.0946036909654043
29295.8202923919, 0.0946045267166483
29295.8213944826, 0.0946053672498252
29295.8224966279, 0.0946062027680736
29295.8235987319, 0.0946070235406381
29295.8247007018, 0.094607819998352
29295.8258024547, 0.094608582844922
29295.8269039182, 0.0946093031587244
29295.8280050292, 0.094609972489769
29295.829105757, 0.0946105829631487
29295.8302060658, 0.0946111273395905
29295.8313059494, 0.094611599110099
29295.8324054378, 0.0946119925595811
29295.8335045668, 0.0946123028072732
29295.8346033727, 0.0946125258556671
29295.835701938, 0.0946126586362008
29295.836800329, 0.0946126990223072
29295.8378986344, 0.0946126458544572
29295.8389969501, 0.0946124989447104
29295.8400953721, 0.094612259076767
29295.8411939869, 0.0946119280005742
29295.8422928708, 0.094611508417702
29295.8433921237, 0.094611003940138
29295.8444917776, 0.0946104190959086
29295.8455918948, 0.0946097592438678
29295.8466924896, 0.0946090305614729
29295.8477935848, 0.0946082399530201
29295.8488951609, 0.0946073950145101
29295.8499971764, 0.0946065039467652
29295.8510995898, 0.0946055754528848
29295.8522023378, 0.0946046186636652
29295.8533053046, 0.0946036430693362
29295.8544084186, 0.0946026583321823
29295.8555115869, 0.0946016742368275
29295.856614686, 0.0946007005911033
29295.8577176221, 0.0945997470637005
29295.8588202862, 0
29295.8599225995, 0
29295.8610244902, 0
29295.8621258895, 0
29295.8632267625, 0
29295.8643270905, 0
29295.8654268615, 0
29295.8665261091, 0
29295.8676248785, 0
29295.8687232342, 0
29295.8698212419, 0
29295.8709190045, 0
29295.8720165968, 0
29295.8731141294, 0
29295.8742117088, 0
29295.8753094425, 0
29295.8764074297, 0
29295.8775057346, 0
29295.8786044324, 0
29295.8797035717, 0
29295.8808031899, 0
29295.8819032875, 0
29295.8830038551, 0
29295.8841048697, 0.0945977486683303
29295.8852062642, 0.0945985485932072
29295.8863079768, 0.094599371622188
29295.8874099148, 0.0946002081773987
29295.8885120036, 0.0946010485410575
29295.8896141388, 0.0946018829260064
29295.8907162214, 0.0946027016111833
29295.8918181597, 0.0946034950512355
29295.8929198723, 0.0946042539835909
29295.8940212891, 0.0946049695311536
29295.8951223512, 0.0946056332981885
29295.8962230158, 0.0946062374635652
29295.8973232621, 0.0946067748651307
29295.8984230937, 0.0946072390726975
29295.8995225279, 0.0946076244457486
29295.9006216011, 0.0946079261906104
29295.9017203584, 0.0946081404024299
29295.902818892, 0.0946082641055004
29295.9039172505, 0.0946082952658088
29295.9050155339, 0.0946082328206721
29295.9061138224, 0.0946080766805314
29295.9072122255, 0.0946078277243908
29295.9083108276, 0.0946074877969416
29295.9094097123, 0.0946070596887656
29295.9105089588, 0.0946065471092908
29295.9116086264, 0.0946059546586091
29295.9127087472, 0.0946052877913491
29295.9138093548, 0.0946045527483738
29295.9149104515, 0.0946037565154445
29295.9160120281, 0.094602906742365
29295.9171140525, 0.0946020116738746
29295.9182164739, 0.0946010800631787
29295.9193192211, 0.0946001210816729
29295.920422192, 0.0945991442316083
29295.9215252949, 0.0945981592068494
29295.9226284253, 0.0945971758056803
29295.9237314847, 0.0945962038062241
29295.9248343624, 0.0945952528737573
29295.9259369496, 0
29295.9270391873, 0
29295.9281409949, 0
29295.9292423172, 0
29295.9303430957, 0
29295.931443334, 0
29295.9325430395, 0
29295.9336422228, 0
29295.934740921, 0
29295.9358392121, 0
29295.9369371649, 0
29295.9380348733, 0
29295.9391324387, 0
29295.9402299509, 0
29295.941327527, 0
29295.9424252596, 0
29295.9435232451, 0
29295.9446215776, 0
29295.9457203089, 0
29295.9468194879, 0
29295.9479191545, 0
29295.9490192985, 0
29295.9501199245, 0
29295.9512209884, 0.0945934243114301
29295.9523224341, 0.0945942268339002
29295.9534241803, 0.0945950515177527
29295.9545261581, 0.0945958887842083
29295.9556282689, 0.0945967288887559
29295.9567304101, 0.0945975620479279
29295.957832496, 0.094598378563857
29295.9589344235, 0.0945991689059352
29295.9600361205, 0.0945999238524441
29295.9611375127, 0.0946006345667339
29295.9622385527, 0.0946012927129774
29295.9633391957, 0.0946018905289487
29295.9644394301, 0.094602420924786
29295.965539258, 0.0946028775426797
29295.966638684, 0.0946032548175679
29295.9677377568, 0.0946035480458323
29295.9688365224, 0.0946037534113829
29295.9699350413, 0.0946038680279293
29295.9710333963, 0.0946038899628162
29295.9721316784, 0.0946038182488131
29295.9732299686, 0.0946036528935381
29295.9743283717, 0.0946033948735494
29295.9754269678, 0.094603046131164
29295.9765258626, 0.0946026095417935
29295.9776251108, 0.0946020889131965
29295.9787247873, 0.0946014889234483
29295.9798249214, 0.0946008151074954
29295.9809255527, 0.0946000737748625
29295.9820266717, 0.0945992719855754
29295.9831282821, 0.0945984174384777
29295.9842303325, 0.0945975184444741
29295.985332774, 0.094596583798027
29295.9864355169, 0.094595622720367
29295.9875384871, 0.0945946447128294
29295.9886415809, 0.0945936594925602
29295.9897446909, 0.0945926768629255
29295.9908477056, 0.0945917066050942
29295.9919505371, 0.0945907583453513
29295.9930530805, 0
29295.9941552547, 0
29295.9952569842, 0
29295.9963582143, 0
29295.9974589132, 0
29295.9985590637, 0
29295.9996586769, 0
29296.0007577732, 0
29296.0018563858, 0
29296.0029546028, 0
29296.0040525004, 0
29296.0051501472, 0
29296.0062476653, 0
29296.0073451427, 0
29296.0084426922, 0
29296.0095404255, 0
29296.0106384258, 0
29296.0117367712, 0
29296.0128355364, 0
29296.0139347616, 0
29296.0150344826, 0
29296.0161346987, 0
29296.0172353816, 0
29296.01833649, 0.0945890995255092
29296.0194379724, 0.0945899045410374
29296.0205397631, 0.0945907307920121
29296.0216417732, 0.0945915686670303
29296.0227438898, 0.094592408403237
29296.0238460383, 0.0945932402421606
29296.0249481258, 0.0945940544944279
29296.0260500593, 0.0945948416610397
29296.0271517593, 0.0945955925488813
29296.028253155, 0.0945962983673809
29296.0293541879, 0.0945969508267612
29296.030454826, 0.0945975422340309
29296.0315550597, 0.0945980655685524
29296.0326548739, 0.0945985145409256
29296.0337543053, 0.0945988836801989
29296.0348533774, 0.0945991683596354
29296.0359521432, 0.0945993648565587
29296.0370506677, 0.0945994703790622
29296.0381490434, 0.0945994830893436
29296.0392473418, 0.0945994021163445
29296.0403456636, 0.0945992275630165
29296.0414441057, 0.0945989605015938
29296.0425427585, 0.0945986029645476
29296.043641705, 0.0945981579261164
29296.0447410102, 0.0945976292794163
29296.0458407335, 0.0945970217954053
29296.0469409411, 0.0945963410664234
29296.0480416266, 0.0945955935030807
29296.0491428127, 0.0945947862104718
29296.0502444749, 0.0945939269670359
29296.051346563, 0.0945930241348684
29296.0524490381, 0.0945920865424812
29296.0535517916, 0.0945911234601107
29296.054654766, 0.0945901443970469
29296.0557578578, 0.0945891590818548
29296.0568609605, 0.0945881773186593
29296.0579639617, 0.0945872088800581
29296.0590667666, 0.0945862633784838
29296.0601692662, 0
29296.0612713834, 0
29296.0623730492, 0
29296.0634742123, 0
29296.0645748457, 0
29296.0656749264, 0
29296.0667744457, 0
29296.0678734488, 0
29296.0689719883, 0
29296.0700701272, 0
29296.071167941, 0
29296.0722655328, 0
29296.073362999, 0
29296.0744604533, 0
29296.0755580047, 0
29296.076655737, 0
29296.0777537549, 0
29296.0788521364, 0
29296.0799509437, 0
29296.0810502242, 0
29296.0821499846, 0
29296.0832502386, 0
29296.0843509605, 0
29296.0854521101, 0.0945847743227288
29296.0865536237, 0.0945855817464466
29296.0876554337, 0.0945864094624062
29296.088757444, 0.0945872478366545
29296.0898595803, 0.0945880871296527
29296.0909617393, 0.0945889175651056
29296.0920638193, 0.0945897294622549
29296.0931657492, 0.0945905133637556
29296.0942674317, 0.0945912600992403
29296.0953688103, 0.0945919609334486
29296.0964698265, 0.0945926076302263
29296.0975704486, 0.0945931925586143
29296.0986706582, 0.0945937087635005
29296.0997704467, 0.0945941500359643
29296.1008698458, 0.0945945109863752
29296.1019688856, 0.0945947870785057
29296.1030676355, 0.0945949746838411
29296.1041661574, 0.0945950711012528
29296.1052645275, 0.0945950745873776
29296.1063628511, 0.0945949843662944
29296.1074612078, 0.0945948006360833
29296.1085596913, 0.0945945245652256
29296.1096583979, 0.0945941582782341
29296.1107574236, 0.0945937048334606
29296.1118568336, 0.09459316820754
29296.1129566747, 0.0945925532580297
29296.1140569752, 0.0945918656788957
29296.1151577705, 0.0945911119285796
29296.1162590409, 0.0945902992076574
29296.1173607808, 0.0945894353410096
29296.1184629476, 0.0945885287348666
29296.1195654659, 0.094587588289912
29296.1206682554, 0.0945866232849683
29296.1217712634, 0.0945856432463124
29296.1228743636, 0.0945846579339036
29296.1239774554, 0.094583677146501
29296.1250804445, 0.0945827106304086
29296.1261832235, 0.094581767987534
29296.1272857091, 0
29296.1283878012, 0
29296.129489437, 0
29296.1305905594, 0
29296.1316911225, 0
29296.132791129, 0
29296.1338905918, 0
29296.1349895394, 0
29296.1360880161, 0
29296.1371860993, 0
29296.138283865, 0
29296.1393814324, 0
29296.1404788906, 0
29296.1415763385, 0
29296.1426738925, 0
29296.1437716646, 0
29296.1448697251, 0
29296.1459681521, 0
29296.1470670044, 0
29296.148166322, 0
29296.1492661245, 0
29296.1503664158, 0
29296.1514671564, 0.0641200539843374
29296.152568306, 0.0945804486672081
29296.1536698267, 0.0945812583936588
29296.1547716369, 0.0945820874696739
29296.1558736485, 0.0945829262518272
29296.1569757844, 0.0945837649935631
29296.1580779381, 0.0945845939218435
29296.1591800153, 0.0945854033772757
29296.1602819281, 0.0945861839169469
29296.1613836216, 0.0945869264358108
29296.1624849864, 0.094587622208177
29296.1635859804, 0.0945882630647354
29296.1646865713, 0.0945888414384239
29296.1657867462, 0.0945893504485251
29296.1668864992, 0.0945897839649263
29296.1679858623, 0.0945901366812963
29296.1690848702, 0.0945904041507872
29296.1701835859, 0.0945905828351928
29296.1712820805, 0.0945906701298697
29296.1723804561, 0.0945906643860621
29296.1734787918, 0.094590564921442
29296.1745771814, 0.0945903720280519
29296.1756757308, 0.0945900869631202
29296.1767745253, 0.0945897119429832
29296.1778736385, 0.0945892501239194
29296.178973135, 0.0945887055720817
29296.1800730692, 0.0945880832249819
29296.1811734791, 0.0945873888475811
29296.182274365, 0.0945866289928905
29296.1833757357, 0.0945858109077737
29296.1844775667, 0.0945849424884984
29296.1855797853, 0.0945840322167762
29296.1866823602, 0.0945830889983584
29296.1877852038, 0.0945821221477863
29296.1888882327, 0.0945811412394726
29296.1899913467, 0.0945801560202944
29296.1910944514, 0.0945791762828922
29296.1921974314, 0.0945782117807196
29296.1933001839, 0.0945772720892308
29296.1944026121, 0
29296.1955046557, 0
29296.1966062402, 0
29296.1977072994, 0
29296.1988078137, 0
29296.1999077679, 0
29296.2010071836, 0
29296.2021060806, 0
29296.2032045357, 0
29296.2043026117, 0
29296.2054003977, 0
29296.2064979755, 0
29296.2075954566, 0
29296.2086929454, 0
29296.2097905526, 0
29296.2108883608, 0
29296.2119864779, 0
29296.2130849611, 0
29296.2141838595, 0
29296.2152832232, 0
29296.2163830635, 0
29296.2174833926, 0
29296.2185841802, 0.0945753383745055
29296.2196853611, 0.0945761224647483
29296.2207869059, 0.0945769344046743
29296.2218887376, 0.0945777647523559
29296.2229907849, 0.094578603863007
29296.2240929404, 0.0945794419627723
29296.2251951154, 0.0945802692987259
29296.2262972075, 0.094581076222257
29296.2273991331, 0.09458185332074
29296.2285008086, 0.0945825915073005
29296.2296021651, 0.0945832821311024
29296.2307031463, 0.0945839170689649
29296.2318037218, 0.0945844888188112
29296.2329038755, 0.0945849905699351
29296.2340036101, 0.0945854162741155
29296.2351029501, 0.0945857607058089
29296.2362019374, 0.0945860195091412
29296.2373006424, 0.0945861892385412
29296.2383991416, 0.0945862673824506
29296.2394975247, 0.0945862523860619
29296.2405958865, 0.0945861436624187
29296.2416943105, 0.0945859415993923
29296.2427928924, 0.0945856475523341
29296.2438917235, 0.0945852638309155
29296.2449908768, 0.0945847936828558
29296.2460904259, 0.0945842412569001
29296.2471904207, 0.0945836115740086
29296.2482908872, 0.0945829104835131
29296.249391833, 0.0945821446052515
29296.2504932585, 0.0945813212563264
29296.2515951285, 0.0945804483986526
29296.2526973896, 0.0945795345468677
29296.2538000035, 0.0945785886507557
29296.2549028652, 0.0945776200698727
29296.256005907, 0.0945766383839497
29296.2571090117, 0.094575653363887
29296.2582120939, 0.09457467479219
29296.2593150439, 0.0945737124045077
29296.2604177607, 0.0945727757519589
29296.2615201527, 0
29296.2626221384, 0
29296.2637236517, 0
29296.2648246572, 0
29296.2659251183, 0
29296.2670250221, 0
29296.2681244003, 0
29296.2692232814, 0
29296.2703217213, 0
29296.2714197952, 0
29296.2725175867, 0
29296.2736151941, 0
29296.2747127054, 0
29296.2758102394, 0
29296.2769078935, 0
29296.2780057612, 0
29296.2791039282, 0
29296.2802024558, 0
29296.2813014055, 0
29296.282400811, 0
29296.2835006949, 0
29296.2846010669, 0
29296.2857018896, 0.094571008565782
29296.2868031278, 0.0945717957135278
29296.287904718, 0.0945726097846046
29296.2890065919, 0.0945734413193622
29296.2901086665, 0.0945742806505672
29296.2912108507, 0.0945751180140054
29296.292313042, 0.0945759436536087
29296.2934151552, 0.0945767479517811
29296.2945170848, 0.0945775215081896
29296.2956187673, 0.0945782552884121
29296.2967201166, 0.0945789406778551
29296.297821087, 0.0945795696170211
29296.2989216472, 0.094580134668062
29296.300021773, 0.0945806290892735
29296.3011214756, 0.0945810469163389
29296.3022207968, 0.0945813830132827
29296.3033197754, 0.0945816331094292
29296.3044184768, 0.0945817938487695
29296.3055169753, 0.0945818628137447
29296.3066153599, 0.0945818385460365
29296.3077137236, 0.0945817205564324
29296.3088121501, 0.0945815093306104
29296.3099107573, 0.0945812063134883
29296.3110096099, 0.0945808139143664
29296.3121087918, 0.094580335468469
29296.3132083681, 0.0945797752152874
29296.3143083941, 0.0945791382559479
29296.3154088925, 0.0945784305184466
29296.3165098745, 0.0945776586908206
29296.3176113178, 0.0945768301704658
29296.3187132168, 0.0945759529531602
29296.3198155116, 0.0945750356045643
29296.3209181378, 0.094574087134455
29296.3220210081, 0.094573116915896
29296.3231240473, 0.0945721345532954
29296.3242271504, 0.0945711498143941
29296.3253301976, 0.0945701725092793
29296.3264331075, 0.0945692123346366
29296.3275357683, 0.0945682788264191
29296.3286380952, 0
29296.3297400037, 0
29296.3308414407, 0
29296.3319423648, 0
29296.3330427387, 0
29296.3341425665, 0
29296.3352418761, 0
29296.3363407065, 0
29296.3374391045, 0
29296.3385371486, 0
29296.3396349205, 0
29296.3407325075, 0
29296.3418300187, 0
29296.3429275539, 0
29296.3440252049, 0
29296.3451230805, 0
29296.3462212613, 0
29296.3473198037, 0
29296.348418782, 0
29296.34951822, 0
29296.3506181355, 0
29296.3517185228, 0
29296.3528193771, 0.0945666783096838
29296.3539206367, 0.0945674684062613
29296.355022251, 0.0945682845077434
29296.3561241508, 0.0945691171314996
29296.3572262327, 0.0945699565825252
29296.3583284264, 0.0945707931102757
29296.3594306204, 0.0945716169606076
29296.360532714, 0.0945724185238074
29296.361634626, 0.0945731884470579
29296.362736275, 0.0945739177227849
29296.3638375737, 0.0945745977859579
29296.3649384988, 0.0945752206488851
29296.3660390059, 0.0945757789317004
29296.3671390866, 0.0945762659732398
29296.3682387572, 0.0945766758881858
29296.3693380362, 0.0945770036160946
29296.3704369911, 0.0945772449831384
29296.3715356612, 0.0945773967191987
29296.372634151, 0.094577456504822
29296.3737325318, 0.0945774229747297
29296.3748308963, 0.0945772957367699
29296.3759293379, 0.0945770753712531
29296.3770279562, 0.0945767634221069
29296.3781268241, 0.0945763623911866
29296.3792260286, 0.0945758757026714
29296.3803256396, 0.0945753076793376
29296.381425699, 0.0945746635105719
29296.3825262257, 0.094573949204143
29296.3836272348, 0.0945731715162293
29296.3847287311, 0.0945723378861472
29296.3858306582, 0.0945714564024393
29296.3869329773, 0.0945705356617405
29296.3880356236, 0.0945695847112134
29296.3891385142, 0.0945686129470107
29296.3902415631, 0.0945676299999735
29296.3913446612, 0.0945666456482857
29296.3924477012, 0.0945656696867824
29296.3935505831, 0.094564711813767
29296.3946531983, 0.0945637815364388
29296.3957554664, 0
29296.3968573162, 0
29296.3979586713, 0
29296.3990594995, 0
29296.4001597859, 0
29296.4012595293, 0
29296.402358746, 0
29296.4034574779, 0
29296.4045557907, 0
29296.4056537521, 0
29296.4067514555, 0
29296.4078489955, 0
29296.4089464764, 0
29296.4100439942, 0
29296.4111416516, 0
29296.4122395293, 0
29296.4133377161, 0
29296.414436278, 0
29296.4155352813, 0
29296.4166347427, 0
29296.4177346738, 0
29296.4188350838, 0
29296.4199359426, 0.0945623476507814
29296.42103721, 0.0945631406066917
29296.422138822, 0.0945639586378267
29296.4232407112, 0.094564792241086
29296.424342785, 0.0945656317180743
29296.4254449488, 0.0945664672991764
29296.426547107, 0.0945672892523918
29296.4276491746, 0.0945680879995447
29296.4287510319, 0.09456885419076
29296.4298526174, 0.0945695788743685
29296.4309538753, 0.0945702535545247
29296.4320547442, 0.0945708702774808
29296.4331551825, 0.0945714217333578
29296.4342552029, 0.0945719013451894
29296.4353548027, 0.0945723032994305
29296.4364540236, 0.0945726226293824
29296.4375529121, 0.09457285524449
29296.4386515429, 0.0945729979737884
29296.4397499971, 0.0945730485870825
29296.4408483634, 0.0945730058148221
29296.4419467164, 0.0945728693611114
29296.4430451727, 0.0945726398979211
29296.444143807, 0.0945723190677898
29296.44524271, 0.0945719094595571
29296.4463419676, 0.0945714145847808
29296.4474416323, 0.0945708388590309
29296.4485417485, 0.0945701875523291
29296.4496423411, 0.0945694667439668
29296.4507434156, 0.0945686832652221
29296.4518449647, 0.0945678446269597
29296.4529469573, 0.0945669589525945
29296.4540493326, 0.0945660349010924
29296.4551520248, 0.0945650815573369
29296.456254944, 0.0945641083500759
29296.4573580138, 0.0945631249182066
29296.4584611173, 0.094562141051787
29296.4595641535, 0.0945611665350084
29296.4606670174, 0.0945602110542272
29296.4617696108, 0.0945592840814554
29296.4628718423, 0
29296.4639736359, 0
29296.4650749287, 0
29296.4661756966, 0
29296.4672759018, 0
29296.4683755613, 0
29296.4694746897, 0
29296.470573357, 0
29296.4716716016, 0
29296.4727695097, 0
29296.473867172, 0
29296.4749646778, 0
29296.4760621373, 0
29296.4771596488, 0
29296.478257301, 0
29296.4793552017, 0
29296.4804534137, 0
29296.4815520106, 0
29296.4826510308, 0
29296.4837505192, 0
29296.484850487, 0
29296.4859509287, 0
29296.487051794, 0.0945580165603936
29296.4881530642, 0.094558812280242
29296.4892546853, 0.0945596321556516
29296.4903565659, 0.0945604666447216
29296.4914586249, 0.0945613060473097
29296.4925607589, 0.0945621405872387
29296.4936628808, 0.0945629605500174
29296.4947648992, 0.0945637563744308
29296.4958667217, 0.0945645187616583
29296.4969682654, 0.0945652387858996
29296.498069464, 0.0945659079960936
29296.4991702713, 0.094566518508391
29296.5002706649, 0.0945670630894618
29296.5004286387, 0.0945671354821657

