(DefaultSC.A1ModJulian) vs (DefaultSC.SolarPowerSystem1.TotalPowerAvailable)
DefaultSC.A1ModJulian   DefaultSC.SolarPowerSystem1.TotalPowerAvailable
DefaultSC.SolarPowerSystem1.TotalPowerAvailable
29294.5004286387, 0.094699849817359
29294.5011230831, 0.094699622602598
29294.502137103, 0.0946992249294895
29294.5031952405, 0.0946987297522722
29294.5042587536, 0.0946981540288521
29294.5053233041, 0.094697504812214
29294.506388413, 0.0946967884280004
29294.5074540354, 0.0946960117146131
29294.5085201622, 0.09469518213852
29294.5095867448, 0.0946943077684624
29294.5106537448, 0.0946933971536104
29294.5117210848, 0.0946924592736746
29294.5127886877, 0.0946915034108853
29294.513856452, 0.0946905390703355
29294.5149242728, 0.0946895758578844
29294.5159920547, 0.0946886233614255
29294.5170596774, 0.0946876910751353
29294.5181270634, 0
29294.5191941014, 0
29294.5202607191, 0
29294.5213268541, 0
29294.5223924738, 0
29294.5234575556, 0
29294.5245221233, 0
29294.5255861656, 0
29294.5266497335, 0
29294.5277129102, 0
29294.5287757491, 0
29294.529838353, 0
29294.530900803, 0
29294.5319632046, 0
29294.5330256531, 0
29294.5340882516, 0
29294.5351510689, 0
29294.5362141863, 0
29294.5372776812, 0
29294.5383415873, 0
29294.5394059261, 0
29294.540470729, 0
29294.5415359688, 0
29294.5426016076, 0.0946858467825255
29294.5436676308, 0.0946866333435683
29294.5447339586, 0.0946874420645711
29294.545800513, 0.0946882635569133
29294.5468672001, 0.0946890882741302
29294.5479339431, 0.0946899066428775
29294.5490006457, 0.0946907091403774
29294.5500672085, 0.0946914864130502
29294.551133545, 0.0946922293926969
29294.5521995758, 0.0946929293920123
29294.5532652481, 0.0946935782114782
29294.5543305091, 0.0946941682097552
29294.5553953354, 0.0946946924021227
29294.5564597081, 0.0946951445185226
29294.5575236577, 0.094695519084697
29294.5585872281, 0.0946958114549192
29294.5596504549, 0.0946960178524294
29294.5607134356, 0.0946961354176816
29294.5617762388, 0.0946961622136486
29294.5628389709, 0.0946960972507436
29294.5639017185, 0.094695940491178
29294.5649645764, 0.094695692849421
29294.566027649, 0.0946953561779908
29294.5670910301, 0.094694933252766
29294.5681547862, 0.0946944277565436
29294.5692189743, 0.0946938442408635
29294.5702836611, 0.0946931880690911
29294.5713488471, 0.0946924654111683
29294.5724145461, 0.0946916831389274
29294.5734807439, 0.0946908487823762
29294.5745474096, 0.0946899704473244
29294.5756144605, 0.0946890567631648
29294.5766818436, 0.0946881167235294
29294.5777494818, 0.0946871596345308
29294.5788172608, 0.0946861950268972
29294.5798850877, 0.0946852324987915
29294.5809528615, 0.094684281636175
29294.5820204668, 0.0946833519112638
29294.5830878147, 0
29294.5841548122, 0
29294.5852213818, 0
29294.5862874799, 0
29294.5873530536, 0
29294.588418092, 0
29294.5894825946, 0
29294.5905465903, 0
29294.5916101198, 0
29294.5926732405, 0
29294.59373605, 0
29294.5947986114, 0
29294.5958610341, 0
29294.5969234196, 0
29294.5979858557, 0
29294.5990484382, 0
29294.6001112727, 0
29294.6011744224, 0
29294.6022379458, 0
29294.6033018874, 0
29294.6043662827, 0
29294.605431144, 0
29294.6064964475, 0
29294.6075621621, 0.094681675332388
29294.6086282324, 0.0946824644431823
29294.6096945898, 0.0946832747819857
29294.6107611709, 0.0946840969524359
29294.6118278861, 0.0946849214037198
29294.6128946276, 0.0946857385408348
29294.6139613311, 0.0946865388786257
29294.6150278847, 0.094687313077446
29294.6160942012, 0.0946880521022207
29294.6171602107, 0.094688747315584
29294.6182258597, 0.094689390569255
29294.6192911132, 0.0946899742917824
29294.6203559212, 0.0946904915511471
29294.6214202883, 0.0946909361632118
29294.6224842438, 0.0946913027312792
29294.6235478205, 0.0946915866899102
29294.624611064, 0.0946917843536874
29294.6256740616, 0.0946918929525939
29294.6267368717, 0.0946919106450734
29294.6277996086, 0.09469183653957
29294.6288623693, 0.094691670693583
29294.6299252544, 0.0946914141139162
29294.6309883606, 0.0946910687467118
29294.6320517722, 0.0946906374623962
29294.6331155716, 0.0946901240248473
29294.6341798151, 0.0946895330671892
29294.6352445508, 0.094688870041311
29294.6363098082, 0.0946881411707961
29294.6373755629, 0.0946873534187622
29294.6384418094, 0.0946865143691836
29294.6395085074, 0.0946856321869376
29294.6405756066, 0.0946847155159075
29294.6416430275, 0.0946837734043916
29294.6427106755, 0.0946828151975851
29294.6437784494, 0.0946818504275547
29294.6448462662, 0.0946808886859858
29294.645914012, 0.0946799395618305
29294.6469815801, 0.0946790125006404
29294.6480488751, 0
29294.6491158127, 0
29294.6501823339, 0
29294.6512483744, 0
29294.6523139021, 0
29294.6533788973, 0
29294.6544433566, 0
29294.655507317, 0
29294.6565708025, 0
29294.6576338958, 0
29294.6586966554, 0
29294.6597591838, 0
29294.6608215642, 0
29294.6618839057, 0
29294.6629463208, 0
29294.664008889, 0
29294.6650717252, 0
29294.6661348866, 0
29294.6671984365, 0
29294.6682624278, 0
29294.6693268805, 0
29294.6703918037, 0
29294.6714571637, 0
29294.6725229479, 0.0946775034677954
29294.6735890785, 0.0946782950380037
29294.6746555071, 0.0946791069255787
29294.675722143, 0.0946799296960476
29294.6767888873, 0.0946807537835935
29294.6778556704, 0.09468156962598
29294.6789223803, 0.0946823677151469
29294.6799889372, 0.0946831387599027
29294.6810552501, 0.0946838737566426
29294.6821212424, 0.0946845641072956
29294.6831868698, 0.0946852017229022
29294.6842520888, 0.0946857790890631
29294.6853168898, 0.0946862893628666
29294.6863812494, 0.0946867264193281
29294.6874451999, 0.0946870849438102
29294.6885087798, 0.0946873604580346
29294.6895720451, 0.0946875493664614
29294.69063506, 0.0946876489866124
29294.6916979225, 0.0946876575725529
29294.6927607168, 0.0946875743238509
29294.6938235346, 0.0946873993947479
29294.6948864754, 0.0946871338885387
29294.6959496441, 0.094686779843163
29294.6970131252, 0.0946863402189663
29294.698076995, 0.0946858188695953
29294.6991413199, 0.0946852205058272
29294.7002061258, 0.0946845506704821
29294.7012714517, 0.0946838156548459
29294.7023372757, 0.0946830224861742
29294.7034035803, 0.0946821788159587
29294.7044703371, 0.0946812928498929
29294.7055374856, 0.0946803732817907
29294.7066049482, 0.0946794291906333
29294.7076726232, 0.0946784699501592
29294.7087404209, 0.0946775050941623
29294.7098082486, 0.0946765442244348
29294.7108759812, 0.0946755969305435
29294.7119435365, 0.0946746726163464
29294.7130108154, 0
29294.7140777334, 0
29294.7151442196, 0
29294.7162102151, 0
29294.7172756978, 0
29294.7183406428, 0
29294.7194050647, 0
29294.7204689736, 0
29294.7215324254, 0
29294.7225954789, 0
29294.7236582148, 0
29294.7247207164, 0
29294.7257830855, 0
29294.7268454352, 0
29294.7279078666, 0
29294.7289704537, 0
29294.7300333038, 0
29294.7310964998, 0
29294.7321600961, 0
29294.7332241446, 0
29294.7342886559, 0
29294.73535363, 0
29294.736419067, 0
29294.7374849158, 0.0946733315631011
29294.7385511111, 0.0946741255199285
29294.7396175789, 0.0946749388508207
29294.7406842475, 0.0946757621189929
29294.7417510211, 0.0946765857548971
29294.7428178035, 0.0946774001800587
29294.7438845024, 0.0946781959170276
29294.7449510273, 0.0946789636924878
29294.7460172904, 0.0946796945417452
29294.7470832349, 0.0946803799256746
29294.7481488066, 0.0946810118029287
29294.7492139598, 0.0946815827209925
29294.7502786879, 0.0946820859096548
29294.7513430031, 0.0946825153352329
29294.7524069109, 0.0946828657515228
29294.7534704563, 0.0946831327684983
29294.7545336996, 0.0946833128808017
29294.7555967254, 0.0946834034982624
29294.7566596047, 0.0946834029640414
29294.7577224367, 0.0946833105717304
29294.7587853031, 0.0946831265697843
29294.7598483137, 0.0946828521520255
29294.7609115529, 0.0946824894533179
29294.7619751196, 0.0946820415189657
29294.7630390792, 0.0946815122930081
29294.7641034791, 0.0946809065803414
29294.7651683707, 0.0946802299880087
29294.7662337628, 0.0946794888990903
29294.76729965, 0.0946786903963296
29294.7683660329, 0.0946778421740698
29294.7694328361, 0.0946769525254178
29294.7705000156, 0.0946760301727162
29294.7715675116, 0.09467508421024
29294.7726352268, 0.0946741240281094
29294.7737030473, 0.0946731591922807
29294.7747708905, 0.0946721992954151
29294.7758386398, 0.0946712539091952
29294.7769061904, 0.0130177453747139
29294.7779734536, 0
29294.7790403507, 0
29294.7801068108, 0
29294.781172784, 0
29294.7822382344, 0
29294.7833031482, 0
29294.7843675225, 0
29294.7854313863, 0
29294.7864948053, 0
29294.7875578221, 0
29294.788620537, 0
29294.7896830226, 0
29294.7907453845, 0
29294.7918077369, 0
29294.7928701709, 0
29294.7939327827, 0
29294.7949956595, 0
29294.7960588994, 0
29294.7971225304, 0
29294.7981866131, 0
29294.7992511668, 0
29294.8003161929, 0
29294.8013816595, 0
29294.8024475441, 0.0946691593610264
29294.8035137684, 0.0946699555945009
29294.8045802664, 0.0946707702770522
29294.805646948, 0.0946715939421875
29294.8067137191, 0.0946724170165163
29294.8077804972, 0.0946732299378311
29294.8088471686, 0.0946740232283307
29294.8099136499, 0.094674787647244
29294.8109798656, 0.0946755142753912
29294.8120457486, 0.0946761946128655
29294.8131112545, 0.0946768206797625
29294.8141763395, 0.0946773850877566
29294.8152410005, 0.0946778811386227
29294.8163052421, 0.0946783028724179
29294.8173691006, 0.0946786451360199
29294.8184325984, 0.0946789036170158
29294.8194958008, 0.0946790749018716
29294.8205587988, 0.0946791564936453
29294.8216216699, 0.0946791468285979
29294.8226845026, 0.0946790452942169
29294.8237473915, 0.0946788522313298
29294.8248104379, 0.0946785689270723
29294.8258737253, 0.0946781976078137
29294.8269373409, 0.0946777414126709
29294.828001345, 0.0946772043761355
29294.8290658, 0.0946765913779481
29294.8301307255, 0.0946759081218122
29294.8311961672, 0.0946751610390947
29294.8322621025, 0.0946743572872597
29294.8333285181, 0.0946735046287391
29294.8343953753, 0.0946726113750761
29294.8354626095, 0.0946716863035362
29294.8365301398, 0.0946707385571742
29294.837597876, 0.0946697775403857
29294.8386657069, 0.0946688128260615
29294.8397335475, 0.0946678540077955
29294.8408012874, 0.0946669106399503
29294.8418688176, 0
29294.8429360653, 0
29294.844002928, 0
29294.8450693347, 0
29294.8461352392, 0
29294.847200622, 0
29294.8482654701, 0
29294.8493297834, 0
29294.8503935955, 0
29294.8514569615, 0
29294.8525199505, 0
29294.8535826357, 0
29294.8546451038, 0
29294.8557074541, 0
29294.856769815, 0
29294.8578322688, 0
29294.8588948918, 0
29294.8599577969, 0
29294.8610210609, 0
29294.8620847298, 0
29294.8631488468, 0
29294.8642134456, 0
29294.8652785078, 0
29294.8663440196, 0
29294.8674099325, 0.0946649869307848
29294.8684761821, 0.0946657853449206
29294.8695426865, 0.0946666012651838
29294.8706093725, 0.0946674252236929
29294.871676147, 0.0946682476442676
29294.8727428921, 0.0946690589442584
29294.8738095367, 0.0946698496957964
29294.8748759726, 0.0946706106675442
29294.8759421284, 0.0946713329814729
29294.8770079581, 0.0946720081988292
29294.8780733926, 0.0946726283799872
29294.8791384042, 0.0946731862109585
29294.8802030056, 0.0946736750713907
29294.8812671745, 0.0946740890662568
29294.8823309614, 0.0946744231322278
29294.8833943967, 0.0946746730462626
29294.8844575468, 0.0946748354843305
29294.8855204981, 0.0946749080410624
29294.8865833285, 0.0946748892474784
29294.8876461277, 0.0946747785863265
29294.8887089945, 0.0946745764923684
29294.8897720262, 0.0946742843467167
29294.8908353062, 0.0946739044675013
29294.8918989186, 0.0946734400843642
29294.8929629253, 0.0946728953166312
29294.8940273863, 0.0946722751264588
29294.8950923301, 0.0946715852874149
29294.8961577861, 0.0946708323105406
29294.8972237368, 0.0946700234134208
29294.8982901714, 0.0946691664111824
29294.8993570416, 0.094668269669924
29294.9004242827, 0.094667342005318
29294.9014918148, 0.0946663925879328
29294.9025595456, 0.0946654308421578
29294.9036273781, 0.0946644663365349
29294.9046952091, 0.0946635086789181
29294.905762922, 0.0946625674165695
29294.9068304149, 0
29294.9078976062, 0
29294.9089644056, 0
29294.9100307439, 0
29294.9110965946, 0
29294.9121618985, 0
29294.9132266635, 0
29294.9142908916, 0
29294.9153546279, 0
29294.9164179237, 0
29294.9174808492, 0
29294.9185434756, 0
29294.9196059058, 0
29294.9206682366, 0
29294.9217305706, 0
29294.9227929983, 0
29294.9238556336, 0
29294.9249185596, 0
29294.9259818459, 0
29294.9270455591, 0
29294.9281097258, 0
29294.9291743659, 0
29294.9302394799, 0
29294.931305026, 0
29294.932370983, 0.0946608140230368
29294.9334372771, 0.0946616145212022
29294.9345038226, 0.0946624315955518
29294.9355705445, 0.0946632557634927
29294.9366373279, 0.0946640774290334
29294.9377040854, 0.0946648870404613
29294.9387707192, 0.0946656751680729
29294.9398371404, 0.0946664326235185
29294.9409032864, 0.0946671505724978
29294.9419690861, 0.0946678206069718
29294.9430344931, 0.0946684348586007
29294.9440994801, 0.0946689860768303
29294.9451640445, 0.0946694677050585
29294.9462281943, 0.0946698739391108
29294.9472919598, 0.0946701997889951
29294.9483553838, 0.094670441122132
29294.9494185324, 0.0946705947031396
29294.950481487, 0.0946706582177982
29294.9515443134, 0.0946706302923661
29294.9526071177, 0.0946705105053583
29294.9536699764, 0.0946702993908293
29294.9547329901, 0.0946699984273195
29294.9557962641, 0.0946696100196532
29294.9568598685, 0.0946691374913273
29294.9579238734, 0.0946685850439148
29294.9589883491, 0.0946679577130159
29294.9600533093, 0.0946672613550935
29294.961118775, 0.0946665025566318
29294.9621847518, 0.094665688580141
29294.9632511984, 0.094664827318184
29294.9643180867, 0.0946639271669231
29294.9653853379, 0.094662996990738
29294.966452872, 0.0946620459882429
29294.9675205932, 0.0946610836046735
29294.9685883942, 0.0946601194249959
29294.969656176, 0.0946591630500901
29294.9707238375, 0.0946582239991234
29294.9717912725, 0
29294.9728583933, 0
29294.973925112, 0
29294.9749913719, 0
29294.9760571228, 0
29294.9771223317, 0
29294.9781870125, 0
29294.9792511708, 0
29294.9803148354, 0
29294.9813780573, 0
29294.9824409153, 0
29294.9835034886, 0
29294.984565873, 0
29294.9856281697, 0
29294.9866904817, 0
29294.9877529025, 0
29294.98881554, 0
29294.9898784914, 0
29294.990941813, 0
29294.9920055608, 0
29294.9930697783, 0
29294.9941344674, 0
29294.9951996382, 0
29294.9962652529, 0
29294.9973312435, 0.0946566408519459
29294.9983975824, 0.0946574433358093
29294.9994641678, 0.0946582614627971
29295.0005309055, 0.0946590857233444
29295.0015977149, 0.0946599065462379
29295.0026644841, 0.0946607143696753
29295.0037311168, 0.0946614997845359
29295.0047975449, 0.094662253646974
29295.0058636874, 0.0946629671482834
29295.0069294917, 0.0946636319406045
29295.0079948977, 0.0946642402031925
29295.0090598798, 0.0946647847515309
29295.0101244493, 0.0946652591069832
29295.0111886062, 0.0946656575383518
29295.0122523699, 0.0946659751355536
29295.013315806, 0.0946662078601645
29295.0143789672, 0.0946663525635005
29295.0154419253, 0.0946664070252344
29295.016504765, 0.0946663699685016
29295.0175675795, 0.0946662410678746
29295.0186304704, 0.0946660209483929
29295.0196935209, 0.094665711183903
29295.0207568312, 0.0946653142731276
29295.0218204775, 0.0946648336267293
29295.0228845293, 0.094664273531184
29295.0239490412, 0.0946636391119132
29295.0250140418, 0.0946629362925571
29295.0260795565, 0.0946621717240996
29295.0271455693, 0.0946613527463763
29295.0282120604, 0.0946604872893271
29295.0292789895, 0.0946595838038941
29295.0303462615, 0.0946586512051977
29295.0314138056, 0.0946576987113391
29295.0324815219, 0.0946567357880112
29295.0335493174, 0.0946557720137774
29295.0346170929, 0.0946548169854127
29295.0356847311, 0.0946538802223085
29295.0367521331, 0
29295.037819199, 0
29295.0388858629, 0
29295.0399520586, 0
29295.0410177403, 0
29295.0420828829, 0
29295.0431474797, 0
29295.0442115434, 0
29295.0452751209, 0
29295.0463382544, 0
29295.0474010298, 0
29295.0484635284, 0
29295.0495258504, 0
29295.0505881001, 0
29295.0516503742, 0
29295.052712779, 0
29295.0537754241, 0
29295.0548383919, 0
29295.0559017449, 0
29295.0569655377, 0
29295.0580298057, 0
29295.0590945487, 0
29295.0601597715, 0
29295.0612254317, 0
29295.0622914798, 0.0946524674565969
29295.0633578562, 0.0946532718383848
29295.0644244558, 0.0946540909133317
29295.065491208, 0.0946549151788085
29295.0665580265, 0.0946557350585114
29295.0676248062, 0.0946565410056664
29295.0686914537, 0.0946573236330067
29295.0697578797, 0.0946580738112529
29295.0708240117, 0.0946587827785047
29295.0718897974, 0.0946594422370503
29295.072955191, 0.0946600444326211
29295.0740201628, 0.0946605822429379
29295.0750847034, 0.0946610492528355
29295.0761488372, 0.094661439821807
29295.0772125904, 0.0946617491247016
29295.0782760199, 0.0946619732069801
29295.0793391723, 0.0946621090109104
29295.080402122, 0.0946621544116458
29295.0814649641, 0.094662108227974
29295.0825277983, 0.0946619702277586
29295.0835907352, 0.0946617411260481
29295.0846538403, 0.0946614225916397
29295.0857172214, 0.0946610172110344
29295.0867809486, 0.0946605284840193
29295.0878450917, 0.0946599607803912
29295.0889097013, 0.0946593193067805
29295.0899747957, 0.0946586100676625
29295.0910403969, 0.0946578397856841
29295.0921064894, 0.0946570158625363
29295.0931730498, 0.0946561462848903
29295.0942400124, 0.0946552395712879
29295.0953073254, 0.094654304636345
29295.0963748985, 0.0946533507405314
29295.0974426503, 0.0946523873488333
29295.0985104592, 0.0946514240709469
29295.0995782187, 0.0946504705050647
29295.1006458431, 0.0946495361263592
29295.101713212, 0
29295.1027802474, 0
29295.1038468695, 0
29295.1049130143, 0
29295.1059786421, 0
29295.1070437211, 0
29295.1081082384, 0
29295.109172239, 0
29295.1102357293, 0
29295.1112988063, 0
29295.1123615188, 0
29295.1134239688, 0
29295.1144862495, 0
29295.1155484641, 0
29295.1166107281, 0
29295.1176731498, 0
29295.1187358135, 0
29295.1197988041, 0
29295.1208621933, 0
29295.1219260206, 0
29295.1229903178, 0
29295.1240551038, 0
29295.1251203538, 0
29295.1261860337, 0.0941863940143861
29295.1272520866, 0.0946482937380579
29295.1283184618, 0.0946490999046232
29295.1293850747, 0.0946499198412055
29295.1304518382, 0.094650744022789
29295.1315186501, 0.0946515628608365
29295.1325854134, 0.0946523668262471
29295.1336520503, 0.0946531465647037
29295.1347184702, 0.0946538929765951
29295.1357846015, 0.0946545973407994
29295.1368503753, 0.0946552513983922
29295.1379157457, 0.0946558474547649
29295.1389806848, 0.0946563784564347
29295.1400451958, 0.0946568380682036
29295.1411092822, 0.0946572207215975
29295.142172987, 0.0946575216843901
29295.1432363658, 0.0946577370915661
29295.1442994855, 0.0946578639806483
29295.1453624268, 0.0946579003177592
29295.1464252815, 0.0946578450126782
29295.1474881363, 0.0946576979276768
29295.1485510965, 0.0946574598740996
29295.1496142646, 0.0946571326028653
29295.1506777181, 0.0946567187966018
29295.1517415333, 0.0946562220395244
29295.1528057764, 0.0946556467853445
29295.1538704929, 0.0946549983216037
29295.1549356958, 0.0946542827298795
29295.1560014058, 0.0946535068010157
29295.1570675962, 0.0946526780060523
29295.1581342338, 0.094651804393788
29295.1592012754, 0.0946508945087925
29295.1602686436, 0.0946499573229035
29295.1613362662, 0.0946490021062801
29295.1624040414, 0.094648038357284
29295.1634718653, 0.094647075674213
29295.1645396376, 0.0946461236436058
29295.1656072568, 0.0946451917377381
29295.1666746241, 0
29295.1677416372, 0
29295.1688082275, 0
29295.1698743326, 0
29295.1709399069, 0
29295.1720049312, 0
29295.173069402, 0
29295.1741333452, 0
29295.1751968001, 0
29295.176259827, 0
29295.1773225017, 0
29295.1783849327, 0
29295.1794472165, 0
29295.18050944, 0
29295.1815717384, 0
29295.1826341944, 0
29295.1836969028, 0
29295.1847599446, 0
29295.1858233764, 0
29295.1868872487, 0
29295.1879515788, 0
29295.1890163876, 0
29295.1900816594, 0
29295.1911473736, 0.0946433340005962
29295.1922134517, 0.0946441196551489
29295.1932798446, 0.0946449275233617
29295.1943464578, 0.0946457482118351
29295.1954132318, 0.0946465722079642
29295.1964800508, 0.0946473899144571
29295.197546828, 0.0946481918216781
29295.1986134631, 0.0946489685805606
29295.1996798741, 0.0946497111307869
29295.2007459887, 0.0946504107929595
29295.2018117436, 0.0946510593631376
29295.2028770888, 0.0946516492040512
29295.2039420015, 0.0946521733324534
29295.2050064827, 0.0946526254861401
29295.2060705503, 0.0946530001819314
29295.2071342285, 0.0946532927657196
29295.2081975981, 0.0946534994677596
29295.2092606996, 0.0946536174124585
29295.2103236344, 0.0946536446633276
29295.2113864928, 0.0946535802241739
29295.2124493723, 0.0946534240499661
29295.2135123691, 0.0946531770457895
29295.2145755869, 0.0946528410541698
29295.215639103, 0.0946524188474178
29295.2167029964, 0.0946519140944359
29295.2177673121, 0.094651331342781
29295.2188321052, 0.0946506759546322
29295.219897393, 0.0946499540813646
29295.2209631837, 0.0946491725889606
29295.2220294522, 0.0946483390072121
29295.223096161, 0.094647461440297
29295.2241632592, 0.0946465484829033
29295.2252306795, 0.0946456091323553
29295.2262983319, 0.0946446526986759
29295.2273661189, 0.0946436886906926
29295.2284339439, 0.094642726703204
29295.2295017028, 0.0946417763187134
29295.2305692882, 0.0946408469965735
29295.2316366125, 0
29295.2327035835, 0
29295.2337701176, 0
29295.2348361632, 0
29295.2359016741, 0
29295.2369666528, 0
29295.2380310746, 0
29295.2390949787, 0
29295.2401584083, 0
29295.2412214199, 0
29295.2422841152, 0
29295.243346564, 0
29295.2444088672, 0
29295.245471135, 0
29295.2465334766, 0
29295.2475959865, 0
29295.2486587364, 0
29295.2497218183, 0
29295.2507852933, 0
29295.2518492143, 0
29295.2529136034, 0
29295.253978464, 0
29295.2550437799, 0
29295.2561095172, 0.0946391569156047
29295.2571756351, 0.0946399451030718
29295.2582420627, 0.0946407545810135
29295.2593087218, 0.0946415759505306
29295.260375521, 0.0946423996665046
29295.2614423738, 0.0946432161567388
29295.2625091685, 0.0946440159054263
29295.2635758282, 0.0946447896040203
29295.2646422425, 0.0946455282049054
29295.2657083616, 0.0946462230873986
29295.2667741051, 0.0946468660887142
29295.2678394303, 0.0946474496374163
29295.2689043189, 0.0946479668212946
29295.2699687821, 0.0946484114573398
29295.2710328202, 0.0946487781359114
29295.2720964914, 0.094649062298995
29295.2731598356, 0.0946492602550658
29295.2742229381, 0.0946493692291119
29295.2752858709, 0.0946493873737786
29295.2763487389, 0.0946493137885376
29295.2774116343, 0.0946491485232014
29295.2784746605, 0.0946488925753231
29295.2795378956, 0.0946485478878768
29295.2806014451, 0.094648117315497
29295.281665376, 0.0946476046180322
29295.2827297294, 0.0946470144287774
29295.2837945589, 0.0946463521895811
29295.2848598844, 0.094645624123186
29295.2859257026, 0.09464483716993
29295.2869920033, 0.0946439989075457
29295.288058738, 0.0946431174988923
29295.2891258624, 0.0946422015746832
29295.2901932963, 0.0946412601756654
29295.2912609618, 0.0946403026239536
29295.2923287388, 0.0946393384609374
29295.2933965551, 0.0946383772616373
29295.2944642893, 0.0946374286155992
29295.2955318487, 0.0946365019503753
29295.296599121, 0
29295.2976660294, 0
29295.2987325078, 0
29295.29979848, 0
29295.3008639268, 0
29295.3019288368, 0
29295.3029932, 0
29295.3040570584, 0
29295.3051204642, 0
29295.3061834688, 0
29295.3072461452, 0
29295.3083085874, 0
29295.3093709106, 0
29295.3104331934, 0
29295.311495555, 0
29295.3125580749, 0
29295.3136208559, 0
29295.3146839665, 0
29295.3157474788, 0
29295.3168114407, 0
29295.3178758659, 0
29295.3189407633, 0
29295.3200061203, 0
29295.3210718961, 0.0946349794624786
29295.3221380558, 0.0946357700933724
29295.3232045295, 0.0946365810973947
29295.3242712228, 0.0946374030460996
29295.3253380608, 0.0946382263998689
29295.3264049339, 0.0946390415723223
29295.3274717374, 0.094639839066873
29295.3285383902, 0.0946406095967853
29295.329604805, 0.094641344164953
29295.3306709081, 0.0946420341779879
29295.3317366177, 0.0946426715264921
29295.3328019241, 0.0946432487195635
29295.3338667952, 0.0946437589039991
29295.3349312309, 0.0946441959668292
29295.3359952471, 0.09464455458624
29295.3370588834, 0.0946448302847312
29295.3381222055, 0.0946450194676712
29295.3391852942, 0.0946451194498301
29295.3402482158, 0.0946451284774449
29295.3413110861, 0.0946450457444735
29295.3423739874, 0.094644871396114
29295.3434370221, 0.0946446065252837
29295.344500278, 0.0946442531651281
29295.3455638484, 0.0946438142643504
29295.3466277967, 0.0946432936730229
29295.3476921744, 0.0946426961027693
29295.3487570337, 0.0946420270734546
29295.3498223876, 0.094641292883936
29295.3508882358, 0.0946405005381618
29295.3519545732, 0.0946396576670893
29295.3530213444, 0.0946387724884226
29295.3540884977, 0.0946378536800717
29295.3551559491, 0.0946369103181784
29295.3562236184, 0.0946359517488838
29295.3572914037, 0.0946349875087759
29295.3583592109, 0.0946340271937001
29295.3594269116, 0.0946330803897334
29295.3604944208, 0.094632156497032
29295.3615616296, 0
29295.3626284704, 0
29295.3636948655, 0
29295.3647607532, 0
29295.3658261105, 0
29295.3668909292, 0
29295.3679552239, 0
29295.3690189987, 0
29295.3700823187, 0
29295.371145254, 0
29295.3722078833, 0
29295.3732702844, 0
29295.3743325715, 0
29295.375394842, 0
29295.376457195, 0
29295.3775197223, 0
29295.3785825182, 0
29295.3796456477, 0
29295.3807091708, 0
29295.3817731437, 0
29295.3828375804, 0
29295.3839024978, 0
29295.3849678678, 0
29295.3860336657, 0.0946308017550803
29295.3870998387, 0.0946315947305683
29295.3881663203, 0.0946324071522037
29295.3892330253, 0.0946332295825304
29295.390299861, 0.0946340524626691
29295.3913667197, 0.0946348662120721
29295.3924335178, 0.09463566136516
29295.3935001486, 0.0946364286411375
29295.3945665271, 0.0946371590805593
29295.3956325675, 0.0946378441283481
29295.3966982286, 0.0946384757554755
29295.3977634687, 0.0946390465137373
29295.3988282766, 0.0946395496317152
29295.3998926444, 0.0946399790688495
29295.4009566041, 0.0946403295909257
29295.402020181, 0.0946405968015854
29295.4030834631, 0.094640777200562
29295.4041465022, 0.0946408681902868
29295.405209398, 0.0946408681141285
29295.4062722534, 0.0946407762583982
29295.4073351588, 0.0946405928609161
29295.4083982018, 0.0946403191103816
29295.409461475, 0.0946399571314748
29295.4105250612, 0.0946395099671174
29295.4115890393, 0.0946389815472879
29295.4126534615, 0.0946383766635192
29295.4137183711, 0.0946377009164441
29295.4147837758, 0.0946369606796867
29295.4158496715, 0.0946361630247618
29295.416916049, 0.0946353156436401
29295.4179828574, 0.0946344267994701
29295.4190500465, 0.0946335052087761
29295.4201175409, 0.0946325599702627
29295.42118524, 0.0946316004687258
29295.4222530458, 0.0946306362479785
29295.4233208521, 0.0946296769147194
29295.4243885561, 0.0946287320215445
29295.4254560536, 0.0198576310019962
29295.42652323, 0
29295.427590023, 0
29295.4286563546, 0
29295.4297221785, 0
29295.4307874522, 0
29295.4318521829, 0
29295.4329163745, 0
29295.4339800561, 0
29295.435043293, 0
29295.4361061414, 0
29295.4371686909, 0
29295.4382310407, 0
29295.4392932924, 0
29295.4403555326, 0
29295.4414178589, 0
29295.4424803832, 0
29295.4435431784, 0
29295.4446063238, 0
29295.4456698747, 0
29295.4467338683, 0
29295.4477983293, 0
29295.4488632699, 0
29295.4499286668, 0
29295.4509944812, 0.0946266237614923
29295.452060656, 0.0946274189886851
29295.4531271216, 0.0946282327244326
29295.4541938008, 0.0946290555219526
29295.4552606018, 0.0946298778184128
29295.4563274246, 0.094630690045268
29295.4573941829, 0.0946314827512255
29295.4584607634, 0.0946322466770885
29295.4595270844, 0.0946329729027703
29295.4605930788, 0.0946336529311098
29295.4616586858, 0.0946342787743753
29295.4627238696, 0.0946348430510273
29295.4637886152, 0.0946353390581294
29295.4648529165, 0.0946357608335985
29295.4659168183, 0.0946361032302018
29295.4669803633, 0.0946363619405775
29295.4680435923, 0.0946365335433864
29295.469106608, 0.0946366155425973
29295.4701694991, 0.0946366063706561
29295.4712323481, 0.0946365054089624
29295.4722952702, 0.0946363129875751
29295.4733583311, 0.0946360303923302
29295.4744216375, 0.0946356598365102
29295.4754852907, 0.0946352044420508
29295.4765493359, 0.0946346682372291
29295.4776138379, 0.094634056089009
29295.4786788197, 0.0946333736868343
29295.4797443042, 0.0946326274659313
29295.4808102807, 0.0946318245658016
29295.4818767259, 0.0946309727463146
29295.4829436013, 0.0946300803094245
29295.4840108496, 0.0946291560167284
29295.4850783932, 0.0946282089988762
29295.4861461249, 0.0946272486665235
29295.4872139461, 0.0946262845733513
29295.4882817605, 0.094625326315955
29295.489349456, 0.0946243834431802
29295.4904169372, 0
29295.4914840903, 0
29295.4925508475, 0
29295.4936171276, 0
29295.4946828976, 0
29295.4957481056, 0
29295.4968127625, 0
29295.4978768741, 0
29295.4989404825, 0
29295.5000036471, 0
29295.5010664326, 0
29295.502128939, 0
29295.5031912473, 0
29295.5042534657, 0
29295.5053156996, 0
29295.5063780323, 0
29295.5074405655, 0
29295.5085033726, 0
29295.5095665413, 0
29295.5106301237, 0
29295.5116941546, 0
29295.5127586532, 0
29295.5138236252, 0
29295.5148890339, 0
29295.5159548566, 0.094622445454338
29295.5170210419, 0.0946232428418133
29295.5180875111, 0.0946240578065906
29295.5191541854, 0.0946248808865434
29295.5202209775, 0.0946257025184535
29295.5212877843, 0.0946265131380344
29295.5223545012, 0.0946273032976025
29295.5234210447, 0.0946280637882081
29295.5244873378, 0.094628785729385
29295.5255532912, 0.0946294606553735
29295.5266188513, 0.0946300806397011
29295.5276839836, 0.0946306383657522
29295.5287486775, 0.0946311272040575
29295.52981295, 0.0946315412783412
29295.5308768123, 0.0946318755096971
29295.531940315, 0.0946321256823493
29295.5330035281, 0.0946322884705628
29295.5340665359, 0.0946323614651418
29295.535129417, 0.0946323431930645
29295.5361922709, 0.0946322331308009
29295.5372551889, 0.0946320317067656
29295.538318279, 0.09463174029176
29295.5393816297, 0.0946313611915683
29295.5404453155, 0.0946308976280248
29295.5415094188, 0.0946303536987173
29295.5425739782, 0.0946297343633677
29295.5436390274, 0.0946290453809779
29295.5447045819, 0.0946282932604333
29295.5457706394, 0.0946274851974939
29295.5468371709, 0.094626629010094
29295.5479041224, 0.0946257330601856
29295.5489714281, 0.0946248061556983
29295.550039013, 0.0946238574545999
29295.5511067768, 0.0946228963804862
29295.5521746125, 0.0946219325032685
29295.5532424281, 0.0946209754133692
29295.5543101133, 0.0946200346456709
29295.5553775669, 0
29295.5564446934, 0
29295.5575114102, 0
29295.5585776451, 0
29295.5596433552, 0
29295.5607085153, 0
29295.5617731125, 0
29295.5628371821, 0
29295.5639007551, 0
29295.5649638788, 0
29295.5660266429, 0
29295.5670891098, 0
29295.5681513951, 0
29295.5692135801, 0
29295.5702757898, 0
29295.5713381111, 0
29295.5724006503, 0
29295.5734634839, 0
29295.5745266833, 0
29295.5755902963, 0
29295.5766543834, 0
29295.5777189333, 0
29295.5787839558, 0
29295.5798494149, 0
29295.5809152941, 0.0946182667881445
29295.5819815204, 0.0946190662533846
29295.5830480196, 0.0946198823598839
29295.584114712, 0.0946207056312449
29295.5851815053, 0.0946215264977397
29295.5862483082, 0.0946223354118919
29295.5873150165, 0.0946231229447149
29295.5883815469, 0.0946238799155111
29295.5894478092, 0.0946245974736104
29295.5905137395, 0.0946252672181987
29295.5915792846, 0.0946258812777789
29295.5926444033, 0.0946264323952715
29295.5937090945, 0.0946269140160207
29295.5947733554, 0.0946273203321462
29295.5958372171, 0.0946276463553236
29295.5969007234, 0.0946278879536829
29295.5979639406, 0.0946280418913647
29295.599026945, 0.0946281058528822
29295.6000898281, 0.0946280784621478
29295.6011526853, 0.094627959291392
29295.602215625, 0.0946277488609786
29295.6032787478, 0.0946274486345654
29295.6043421239, 0.0946270610158912
29295.6054058564, 0.0946265893049631
29295.6064700099, 0.0946260376906464
29295.6075346284, 0.0946254112102275
29295.6085997344, 0.0946247157044454
29295.6096653533, 0.0946239577448572
29295.6107314681, 0.0946231445995513
29295.6117980599, 0.0946222841337059
29295.612865057, 0.0946213847697888
29295.6139324012, 0.094620455347338
29295.615000016, 0.0946195050533771
29295.6160677892, 0.0946185433401067
29295.617135633, 0.0946175797678991
29295.618203429, 0.0946166239480969
29295.6192710795, 0.0946156853901239
29295.6203384866, 0
29295.6214055599, 0
29295.6224722128, 0
29295.6235383902, 0
29295.6246040533, 0
29295.6256691615, 0
29295.6267337217, 0
29295.6277977522, 0
29295.6288612768, 0
29295.6299243606, 0
29295.6309870762, 0
29295.6320495162, 0
29295.63311177, 0
29295.6341739308, 0
29295.6352361213, 0
29295.6362984385, 0
29295.6373609816, 0
29295.6384238301, 0
29295.6394870612, 0
29295.6405507183, 0
29295.6416148463, 0
29295.6426794596, 0
29295.6437445525, 0
29295.6448100902, 0
29295.6458760379, 0.0946140876892622
29295.646942328, 0.0946148891485426
29295.6480088869, 0.0946157063167086
29295.6490756154, 0.094616529690117
29295.6501424361, 0.0946173497083823
29295.6512092472, 0.0946181568249131
29295.6522759494, 0.0946189416338868
29295.6533424707, 0.0946196949926955
29295.6544087188, 0.0946204080880906
29295.6554746326, 0.0946210725696806
29295.6565401602, 0.0946216806235783
29295.6576052741, 0.0946222250642288
29295.6586699636, 0.0946226994023975
29295.6597342225, 0.0946230979067258
29295.6607980877, 0.0946234156742527
29295.6618616004, 0.0946236486596338
29295.662924831, 0.0946237937186465
29295.6639878519, 0.0946238486284327
29295.6650507637, 0.0946238121074484
29295.6661136722, 0.0946236838197287
29295.6671766574, 0.094623464383202
29295.668239824, 0.0946231553567099
29295.6693032483, 0.0946227592350207
29295.6703670343, 0.0946222794062355
29295.6714312395, 0.0946217201478732
29295.6724959216, 0.0946210865700008
29295.6735611019, 0.0946203845871526
29295.6746267835, 0.094619620854369
29295.6756929509, 0.0946188027022063
29295.6767595858, 0.0946179380501167
29295.6778266221, 0.09461703536196
29295.6788940008, 0.0946161035140037
29295.6799616248, 0.0946151517386097
29295.6810294016, 0.0946141894874143
29295.6820972327, 0.0946132263364897
29295.6831650064, 0.0946122718866688
29295.6842326184, 0.0946113356382785
29295.6852999714, 0
29295.6863669932, 0
29295.6874336041, 0
29295.6884997246, 0
29295.6895653236, 0
29295.6906303816, 0
29295.6916948927, 0
29295.6927588828, 0
29295.6938223739, 0
29295.6948854245, 0
29295.6959481061, 0
29295.6970105177, 0
29295.6980727501, 0
29295.6991348983, 0
29295.7001970913, 0
29295.7012594185, 0
29295.702321974, 0
29295.7033848413, 0
29295.7044481118, 0
29295.7055118136, 0
29295.7065759918, 0
29295.7076406651, 0
29295.7087058225, 0
29295.7097714276, 0
29295.7108374336, 0.0946099080834752
29295.7119037698, 0.0946107114329674
29295.7129703599, 0.0946115295496583
29295.7140371318, 0.09461235293964
29295.715103974, 0.0946131720154669
29295.7161707856, 0.094613977241199
29295.717237481, 0.0946147592418514
29295.7183039775, 0.0946155088976927
29295.7193701967, 0.0946162174458572
29295.7204360726, 0.0946168765822509
29295.7215015622, 0.0946174785567204
29295.722566632, 0.0946180162460936
29295.7236312727, 0.0946184832359074
29295.7246955012, 0.0946188738826467
29295.7257593419, 0.094619183360816
29295.7268228559, 0.0946194077162917
29295.7278861062, 0.0946195438903473
29295.7289491715, 0.094619589750574
29295.7300121334, 0.0946195441071
29295.7310750888, 0.0946194067209841
29295.7321381422, 0.0946191783013811
29295.7332013791, 0.0946188605034234
29295.7342649008, 0.0946184559037597
29295.7353287801, 0.0946179679892212
29295.7363930742, 0.0946174011240678
29295.7374578393, 0.0946167605010065
29295.7385230942, 0.0946160521125057
29295.7395888557, 0.0946152826732071
29295.740655095, 0.0946144595844779
29295.741721778, 0.0946135908332497
29295.7427888649, 0.094612684907444
29295.7438562703, 0.0946117507417451
29295.7449239279, 0.0946107975673984
29295.7459917235, 0.0946098348707861
29295.7470595692, 0.0946088722236494
29295.7481273557, 0.0946079192193847
29295.7491949683, 0.0946069853518607
29295.7502623201, 0
29295.7513293218, 0
29295.7523958963, 0
29295.7534619928, 0
29295.7545275645, 0
29295.7555925894, 0
29295.756657056, 0
29295.7577209965, 0
29295.7587844533, 0
29295.7598474709, 0
29295.7609101264, 0
29295.7619725231, 0
29295.7630347399, 0
29295.7640969048, 0
29295.7651591182, 0
29295.7662214724, 0
29295.7672840655, 0
29295.7683469784, 0
29295.7694102841, 0
29295.7704740416, 0
29295.7715382926, 0
29295.7726030248, 0
29295.7736682344, 0
29295.7747339012, 0.0906033774614674
29295.7757999484, 0.0946057282145498
29295.7768663272, 0.0946065333742978
29295.7779329436, 0.0946073523545821
29295.7789997167, 0.094608175644298
29295.7800665497, 0.0946089936679983
29295.7811333445, 0.0946097969028614
29295.7822000042, 0.0946105759872266
29295.7832664513, 0.0946113218373956
29295.7843326129, 0.0946120257363281
29295.7853984094, 0.0946126794227671
29295.7864638233, 0.0946132752222177
29295.7875288162, 0.0946138060752491
29295.7885933934, 0.0946142656471755
29295.7896575677, 0.094614648370308
29295.7907213754, 0.0946149495052891
29295.791784871, 0.0946151651816217
29295.7928481095, 0.09461529242956
29295.7939111744, 0.0946153292106741
29295.7949741543, 0.0946152744286742
29295.796037145, 0.0946151279375432
29295.7971002443, 0.0946148905405878
29295.7981635459, 0.0946145639828739
29295.7992271276, 0.0946141509392909
29295.8002910738, 0.0946136549815577
29295.8013554412, 0.0946130805581754
29295.8024202726, 0.0946124329492127
29295.8034855891, 0.0946117182215507
29295.8045514072, 0.0946109431585128
29295.8056176997, 0.0946101152214743
29295.8066844381, 0.0946092424451736
29295.8077515681, 0.094608333373491
29295.8088190186, 0.0946073969636564
29295.8098867037, 0.094606442488922
29295.8109545242, 0.0946054794371489
29295.8120223918, 0.0946045173843372
29295.8130901777, 0.0946035659349313
29295.8141577958, 0.0946026345404953
29295.815225124, 0
29295.8162921037, 0
29295.8173586461, 0
29295.8184246941, 0
29295.8194902142, 0
29295.8205551787, 0
29295.8216195833, 0
29295.8226834629, 0
29295.8237468604, 0
29295.8248098355, 0
29295.8258724704, 0
29295.8269348433, 0
29295.8279970616, 0
29295.8290592307, 0
29295.8301214533, 0
29295.831183821, 0
29295.8322464485, 0
29295.8333094073, 0
29295.8343727594, 0
29295.8354365687, 0
29295.8365008516, 0
29295.8375656254, 0
29295.8386308726, 0
29295.8396965642, 0.0946007633392704
29295.8407626412, 0.0946015479433878
29295.8418290511, 0.0946023548158079
29295.8428956887, 0.0946031745651299
29295.8439624663, 0.094603997665565
29295.8450292838, 0.0946048145404718
29295.8460960566, 0.0946056156897148
29295.8471626852, 0.0946063917720662
29295.8482290856, 0.0946071337320584
29295.8492951823, 0.0946078328940842
29295.8503609187, 0.0946084810638608
29295.8514262588, 0.0946090706154099
29295.8524911743, 0.0946095945636914
29295.8535556774, 0.0946100466515688
29295.8546197683, 0.0946104213872115
29295.8556835086, 0.0946107141252044
29295.8567469352, 0.0946109210785832
29295.8578101201, 0.0946110393726546
29295.8588731665, 0.0946110670603765
29295.8599361223, 0.0946110031374464
29295.8609991073, 0.0946108475518955
29295.862062211, 0.0946106012010745
29295.8631255249, 0.0946102659231955
29295.8641891196, 0.0946098444868532
29295.865253079, 0.0946093405528083
29295.8663174668, 0.0946087586500643
29295.8673823177, 0.0946081041421133
29295.8684476573, 0.0946073831661823
29295.8695134861, 0.0946066025839641
29295.8705798058, 0.09460576989441
29295.8716465638, 0.0946048932016044
29295.8727137146, 0.0946039810846303
29295.873781183, 0.0946030425372811
29295.8748488718, 0.0946020868664423
29295.8759166902, 0.0946011235656311
29295.8769845388, 0.0946001622239452
29295.8780523064, 0.0945992124221611
29295.8791198855, 0.0945982836126561
29295.8801871719, 0
29295.8812540926, 0
29295.8823205766, 0
29295.883386556, 0
29295.8844519968, 0
29295.8855168916, 0
29295.8865812261, 0
29295.8876450385, 0
29295.8887083827, 0
29295.8897713172, 0
29295.8908339084, 0
29295.8918962422, 0
29295.8929584319, 0
29295.8940205836, 0
29295.8950827977, 0
29295.8961451767, 0
29295.8972078177, 0
29295.8982708039, 0
29295.8993341968, 0
29295.9003980466, 0
29295.9014623749, 0
29295.902527197, 0
29295.9035924914, 0
29295.9046582272, 0.0945965799984853
29295.9057243432, 0.0945973671336746
29295.9067907644, 0.0945981755980621
29295.9078574185, 0.094598996006841
29295.9089241969, 0.0945998188105824
29295.9099910163, 0.0946006344483218
29295.9110577763, 0.0946014334209998
29295.9121243814, 0.0946022064140983
29295.9131907365, 0.0946029443986327
29295.914256784, 0.0946036387554555
29295.9153224811, 0.0946042813505989
29295.9163877725, 0.0946048646063743
29295.9174526487, 0.0946053816156347
29295.9185171043, 0.0946058261869642
29295.9195811636, 0.0946061929183893
29295.9206448722, 0.0946064772424229
29295.9217082686, 0.0946066754620576
29295.9227714321, 0.0946067847954409
29295.9238344435, 0.0946068033885567
29295.9248973879, 0.0946067303330165
29295.9259603505, 0.0946065656737936
29295.9270234449, 0.0946063104001166
29295.9280867488, 0.0946059664460766
29295.9291503407, 0.0946055366687672
29295.9302142908, 0.0946050248225044
29295.9312786795, 0.0946044355116797
29295.9323435332, 0.0946037741819099
29295.9334088828, 0.0946030470388397
29295.9344747245, 0.0946022610120129
29295.9355410555, 0.0946014236618522
29295.9366078292, 0.0946005431375297
29295.937674986, 0.0945996280713755
29295.9387424554, 0.0945986874856161
29295.9398101391, 0.0945977307104208
29295.9408779406, 0.0945967672570842
29295.9419457573, 0.0945958067192016
29295.9430134769, 0.0945948586699026
29295.9440809866, 0.0945939325463271
29295.9451482098, 0
29295.9462150463, 0
29295.9472814436, 0
29295.9483473369, 0
29295.9494126887, 0
29295.9504774855, 0
29295.9515417465, 0
29295.9526054772, 0
29295.9536687437, 0
29295.9547316078, 0
29295.9557941477, 0
29295.9568564324, 0
29295.9579185834, 0
29295.9589807057, 0
29295.9600429123, 0
29295.9611052917, 0
29295.9621679391, 0
29295.9632309454, 0
29295.9642943706, 0
29295.9653582514, 0
29295.9664226331, 0
29295.9674875077, 0
29295.9685528601, 0
29295.9696186489, 0.0945923961219559
29295.9706848243, 0.0945931856957412
29295.9717513043, 0.0945939956806323
29295.9728179921, 0.0945948166553874
29295.9738848155, 0.094595639091474
29295.9749516443, 0.0945964533954267
29295.9760184039, 0.0945972501023721
29295.9770849944, 0.0945980199195052
29295.9781513469, 0.0945987538706571
29295.9792173941, 0.0945994433727899
29295.9802830759, 0.0946000803334241
29295.981348353, 0.0946006572462313
29295.9824132298, 0.0946011672781409
29295.9834776891, 0.0946016043049717
29295.9845417419, 0.0946019630005889
29295.9856054496, 0.0946022388888756
29295.9866688512, 0.0946024283612452
29295.987732029, 0.0946025287271144
29295.9887950503, 0.0946025382254126
29295.9898579951, 0.0946024560455458
29295.9909209731, 0.0946022823262183
29295.9919840792, 0.0946020181535862
29295.9930473947, 0.0946016655553473
29295.9941110174, 0.0946012274711618
29295.9951750075, 0.0946007077439563
29295.9962394155, 0.0946001110772952
29295.9973042972, 0.0945994429797438
29295.9983696736, 0.0945987097342282
29295.9994355458, 0.0945979183317594
29296.0005018939, 0.0945970764034063
29296.0015686884, 0.0945961921346537
29296.0026358562, 0.0945952742094331
29296.0037033313, 0.0945943316775145
29296.0047710098, 0.094593373895761
29296.0058387885, 0.0945924103925595
29296.0069065825, 0.0945914507466517
29296.0079742641, 0.0945905045353922
29296.0090417352, 0.0945895811627851
29296.0101089031, 0
29296.0111756808, 0
29296.0122420019, 0
29296.0133078122, 0
29296.0143730798, 0
29296.0154377895, 0
29296.0165019603, 0
29296.0175656101, 0
29296.0186287922, 0
29296.0196915674, 0
29296.0207540295, 0
29296.0218162675, 0
29296.0228783915, 0
29296.0239404894, 0
29296.0250026775, 0
29296.026065059, 0
29296.0271277248, 0
29296.0281907657, 0
29296.0292542284, 0
29296.0303181702, 0
29296.0313826009, 0
29296.0324475366, 0
29296.0335129533, 0
29296.0345787847, 0.0945882119200487
29296.0356449893, 0.0945890038235788
29296.0367115014, 0.0945898152191229
29296.0377782158, 0.0945906366631696
29296.038845047, 0.0945914586114344
29296.0399118873, 0.0945922714922954
29296.040978646, 0.0945930658439866
29296.0420452461, 0.0945938324158482
29296.0431116057, 0.094594562256811
29296.0441776478, 0.0945952468220174
29296.0452433278, 0.0945958780826413
29296.0463086075, 0.0945964485936076
29296.0473734676, 0.0945969515791435
29296.0484379146, 0.0945973810032559
29296.0495019755, 0.0945977316250103
29296.0505656732, 0.0945979990413964
29296.0516290871, 0.0945981797438013
29296.0526922695, 0.0945982711279636
29296.0537553105, 0.0945982715293909
29296.0548182878, 0.0945981802305503
29296.055881307, 0.0945979974643658
29296.0569444518, 0.0945977244140377
29296.0580078142, 0.0945973631979937
29296.059071495, 0.0945969168436822
29296.0601355514, 0.0945963892807128
29296.0612000474, 0.0945957852858231
29296.0622650105, 0.0945951104595894
29296.063330469, 0.0945943711527026
29296.0643964113, 0.0945935744303378
29296.0654628357, 0.0945927279675198
29296.0665296712, 0.094591840032926
29296.0675968733, 0.0945909193285806
29296.0686643699, 0.0945899749401935
29296.0697320523, 0.0945890162498303
29296.070799835, 0.0945880527803621
29296.0718676046, 0.0945870941359494
29296.0729352565, 0.0945861498618721
29296.0740027032, 0.0289867773662079
29296.0750698238, 0
29296.0761365617, 0
29296.0772028236, 0
29296.0782685682, 0
29296.0793337703, 0
29296.0803984035, 0
29296.0814624856, 0
29296.08252605, 0
29296.083589147, 0
29296.0846518495, 0
29296.0857142347, 0
29296.086776407, 0
29296.0878384867, 0
29296.0889005528, 0
29296.0899627332, 0
29296.091025125, 0
29296.0920878212, 0
29296.0931508907, 0
29296.0942143936, 0
29296.095278378, 0
29296.0963428635, 0
29296.0974078387, 0
29296.0984732783, 0
29296.0995391472, 0.094584027314407
29296.1006053798, 0.0945848214665627
29296.1016718983, 0.094585634170922
29296.1027386082, 0.0945864559767583
29296.1038054443, 0.0945872773506996
29296.1048722863, 0.0945880887172626
29296.1059390442, 0.0945888806312882
29296.1070056328, 0.0945896438624841
29296.1080719797, 0.0945903695030463
29296.109138004, 0.0945910490510875
29296.1102036554, 0.0945916745295125
29296.1112689106, 0.0945922385646066
29296.1123337493, 0.0945927344490336
29296.113398171, 0.0945931562198719
29296.1144621925, 0.0945934987159903
29296.1155258651, 0.0945937576305794
29296.1165892477, 0.09459392953993
29296.1176524179, 0.0945940119364699
29296.1187154466, 0.0945940032478351
29296.1197784436, 0.0945939028493595
29296.1208414897, 0.0945937110682841
29296.1219046919, 0.0945934291750753
29296.1229681337, 0.0945930593779641
29296.1240319054, 0.0945926047952337
29296.1250960544, 0.0945920694466963
29296.126160648, 0.0945914581894834
29296.1272257197, 0.0945907766962636
29296.1282912783, 0.0945900314007753
29296.1293573228, 0.0945892294253239
29296.1304238195, 0.094588378527079
29296.1314907312, 0.0945874869971313
29296.1325579893, 0.0945865635970283
29296.1336255233, 0.0945856174419816
29296.1346932332, 0.0945846579263256
29296.1357610209, 0.094583694593774
29296.1368287983, 0.0945827370244294
29296.1378964502, 0.0945817947617191
29296.1389638781, 0
29296.140030988, 0
29296.1410976918, 0
29296.1421639252, 0
29296.1432296278, 0
29296.1442947675, 0
29296.1453593405, 0
29296.1464233668, 0
29296.147486873, 0
29296.1485499205, 0
29296.1496125638, 0
29296.1506749206, 0
29296.1517370856, 0
29296.1527991543, 0
29296.1538612315, 0
29296.1549234332, 0
29296.1559858554, 0
29296.1570485852, 0
29296.1581117037, 0
29296.1591752606, 0
29296.160239288, 0
29296.1613038098, 0
29296.1623688022, 0
29296.1634342666, 0
29296.164500155, 0.0945798422826138
29296.1655663906, 0.0945806385745621
29296.1666329179, 0.0945814524965845
29296.1676996394, 0.0945822745820775
29296.1687664693, 0.0945830952781575
29296.1698333173, 0.0945839050394613
29296.1709000781, 0.0945846944258107
29296.1719666674, 0.0945854542348114
29296.1730330067, 0.0945861755916303
29296.1740990226, 0.0945868500460027
29296.1751646669, 0.0945874696765982
29296.1762298894, 0.0945880271590906
29296.1772946844, 0.0945885158672549
29296.1783590651, 0.0945889299224689
29296.1794230548, 0.0945892642474958
29296.1804866929, 0.0945895146185798
29296.1815500518, 0.09458967770557
29296.1826131997, 0.0945897510922223
29296.1836762338, 0.0945897333006636
29296.1847392418, 0.0945896237993198
29296.1858023276, 0.0945894230058377
29296.1868655777, 0.0945891322857042
29296.1879290789, 0.0945887539378231
29296.1889929136, 0.0945882911722316
29296.1900571589, 0.0945877480787103
29296.1911218373, 0.0945871296169065
29296.1921869961, 0.0945864415291265
29296.1932526495, 0.094585690314887
29296.1943187753, 0.0945848831749953
29296.1953853525, 0.094584027913335
29296.1964523204, 0.094583132888047
29296.1975196323, 0.0945822068813902
29296.1985871989, 0.0945812590536726
29296.1996549322, 0.0945802988077509
29296.2007227424, 0.0945793356881797
29296.2017905138, 0.0945783792977213
29296.2028581417, 0.0945774391572075
29296.203925548, 0
29296.2049926156, 0
29296.2060592673, 0
29296.2071254378, 0
29296.2081910795, 0
29296.2092561704, 0
29296.2103207058, 0
29296.2113846965, 0
29296.212448178, 0
29296.2135112065, 0
29296.2145738451, 0
29296.2156362032, 0
29296.2166983824, 0
29296.2177604829, 0
29296.2188226132, 0
29296.2198848727, 0
29296.2209473542, 0
29296.2220101495, 0
29296.2230733229, 0
29296.2241369383, 0
29296.2252010168, 0
29296.2262655773, 0
29296.2273306269, 0
29296.2283961311, 0
29296.2294620406, 0.0945756567366359
29296.2305283101, 0.0945764550891532
29296.2315948666, 0.0945772701397495
29296.232661624, 0.0945780924176042
29296.2337284775, 0.0945789123527115
29296.2347953424, 0.0945797204117509
29296.2358621282, 0.0945805071837506
29296.2369287248, 0.0945812634754528
29296.2379950553, 0.0945819804524259
29296.2390610547, 0.0945826497185436
29296.2401266832, 0.0945832634139249
29296.2411918935, 0.0945838142792427
29296.2422566751, 0.0945842957564672
29296.2433210434, 0.094584702045113
29296.2443850145, 0.0945850281487681
29296.2454486339, 0.0945852699339744
29296.246511987, 0.0945854241634129
29296.2475751414, 0.0945854885118425
29296.2486381788, 0.094585461595185
29296.2497012147, 0.0945853429752211
29296.2507643313, 0.0945851331649834
29296.2518276188, 0.0945848336235629
29296.2528911703, 0.0945844467390059
29296.253955054, 0.0945839758154677
29296.2550193444, 0.0945834250308219
29296.2560840929, 0.0945827994092906
29296.2571493133, 0.0945821047872069
29296.2582150146, 0.094581347739097
29296.2592811964, 0.0945805355130796
29296.2603478282, 0.0945796759742187
29296.2614148344, 0.0945787775396092
29296.2624821744, 0.0945778490243265
29296.2635497565, 0.0945768996187129
29296.2646174917, 0.0945759387441101
29296.265685294, 0.0945749759489466
29296.2667530303, 0.0945740208478704
29296.267820622, 0.0945730829244364
29296.2688879688, 0
29296.2699549775, 0
29296.2710215546, 0
29296.2720876597, 0
29296.2731532344, 0
29296.2742182591, 0
29296.2752827432, 0
29296.2763466816, 0
29296.277410121, 0
29296.2784731296, 0
29296.2795357843, 0
29296.2805981666, 0
29296.2816603708, 0
29296.2827225046, 0
29296.2837846691, 0
29296.2848469626, 0
29296.2859094853, 0
29296.2869723188, 0
29296.2880355414, 0
29296.2890991968, 0
29296.2901633203, 0
29296.2912279358, 0
29296.2922930328, 0
29296.2933585807, 0
29296.2944245446, 0.0945714706850708
29296.2954908573, 0.0945722710093781
29296.2965574556, 0.0945730871002367
29296.2976242525, 0.0945739094744542
29296.2986911354, 0.0945747285543023
29296.2997580139, 0.0945755348112464
29296.3008248014, 0.0945763188568181
29296.3018913973, 0.0945770715344845
29296.3029577208, 0.0945777840460504
29296.3040237232, 0.0945784480536231
29296.3050893271, 0.0945790557314839
29296.3061545086, 0.0945795999006822
29296.3072192647, 0.0945800740786559
29296.3082836045, 0.0945804725401599
29296.3093475574, 0.0945807903765437
29296.31041118, 0.0945810235419265
29296.3114745205, 0.0945811688816023
29296.3125376637, 0.0945812241688133
29296.3136007259, 0.0945811881124578
29296.3146637691, 0.0945810603701575
29296.3157269055, 0.0945808415484448
29296.3167902145, 0.0945805332019799
29296.317853781, 0.0945801378147651
29296.3189176999, 0.0945796587693148
29296.3199820231, 0.0945791003376485
29296.3210467897, 0.0945784676332611
29296.3221120371, 0.0945777665545991
29296.3231777729, 0.0945770037443385
29296.3242439751, 0.094576186528128
29296.3253106154, 0.0945753228244454
29296.3263776442, 0.0945744210743068
29296.327444999, 0.0945734901461988
29296.3285125932, 0.0945725392527033
29296.3295803335, 0.0945715778354174
29296.3306481185, 0.0945706154628223
29296.3317158343, 0.094569661728055
29296.3327833872, 0.094568726113225
29296.333850677, 0
29296.3349176098, 0
29296.3359841098, 0
29296.3370501359, 0
29296.3381156173, 0
29296.3391805499, 0
29296.3402449487, 0
29296.341308822, 0
29296.3423722166, 0
29296.3434351777, 0
29296.344497804, 0
29296.3455601612, 0
29296.3466223462, 0
29296.3476844671, 0
29296.3487466402, 0
29296.3498089565, 0
29296.3508715086, 0
29296.3519343624, 0
29296.352997587, 0
29296.3540612558, 0
29296.3551254039, 0
29296.3561900354, 0
29296.3572551624, 0
29296.3583207383, 0
29296.359386732, 0.0945672841630586
29296.3604530711, 0.0945680863644833
29296.3615196941, 0.094568903399609
29296.3625864885, 0.0945697257545125
29296.3636533738, 0.0945705438758545
29296.3647202553, 0.0945713482416444
29296.3657870229, 0.0945721294661359
29296.3668536033, 0.0945728784435237
29296.367919896, 0.0945735864017033
29296.3689858373, 0.0945742450446203
29296.3700513959, 0.0945748466336582
29296.371116533, 0.0945753840453787
29296.3721812336, 0.0945758508645809
29296.3732455202, 0.0945762414515516
29296.3743094218, 0.0945765509812362
29296.3753729989, 0.0945767754967782
29296.3764363202, 0.0945769119361468
29296.3774994605, 0.0945769581606518
29296.3785625057, 0.0945769129736241
29296.379625549, 0.094576776128183
29296.3806886864, 0.0945765483270202
29296.381752007, 0.0945762312166264
29296.3828156152, 0.0945758273630989
29296.3838795568, 0.09457534025594
29296.384943914, 0.0945747742399825
29296.3860087151, 0.0945741345140448
29296.3870740013, 0.0945734270485461
29296.3881397688, 0.0945726585623016
29296.3892060035, 0.0945718364366028
29296.3902726792, 0.0945709686407466
29296.3913397377, 0.094570063666931
29296.3924071249, 0.094569130411775
29296.3934747354, 0.0945681781296931
29296.39454248, 0.0945672162744801
29296.3956102533, 0.0945662544231611
29296.3966779441, 0.0945653021606281
29296.3977454669, 0.0945643689454581
29296.3988127173, 0
29296.3998795867, 0
29296.4009460223, 0
29296.402011955, 0
29296.4030773615, 0
29296.4041422087, 0
29296.4052065087, 0
29296.4062702819, 0
29296.4073335774, 0
29296.4083964632, 0
29296.4094590099, 0
29296.4105213071, 0
29296.4115834415, 0
29296.412645523, 0
29296.4137076817, 0
29296.4147699777, 0
29296.4158325151, 0
29296.4168953746, 0
29296.4179586288, 0
29296.4190223223, 0
29296.4200864955, 0
29296.4211511522, 0
29296.4222162793, 0
29296.4232818615, 0.0861570585744199
29296.4243478496, 0.0945630970990457
29296.4254141925, 0.0945639010776693
29296.4264807899, 0.0945647189356186
29296.4275475692, 0.094565541179919
29296.4286144339, 0.0945663582456124
29296.4296812791, 0.0945671606139418
29296.4307480122, 0.0945679389340618
29296.4318145275, 0.0945686841087018
29296.4328807569, 0.0945693874310997
29296.4339466448, 0.0945700406595605
29296.4350121428, 0.094570636103232
29296.4360772086, 0.0945711667042888
29296.4371418462, 0.0945716261306814
29296.4382060686, 0.0945720088171864
29296.4392699166, 0.0945723100268489
29296.4403334377, 0.0945725258872461
29296.4413967038, 0.0945726534299695
29296.4424598089, 0.0945726906111879
29296.4435228364, 0.0945726363260375
29296.4445858735, 0.0945724904212923
29296.4456490271, 0.0945722536904519
29296.4467123824, 0.0945719278708451
29296.4477760291, 0.0945715156229911
29296.4488400273, 0.094571020518029
29296.4499044347, 0.0945704469958295
29296.4509693053, 0.0945698003203866
29296.4520346608, 0.0945690865461786
29296.4531004973, 0.094568312459759
29296.4541667995, 0.0945674855036887
29296.4552335276, 0.094566613710808
29296.4563006421, 0.0945657056017031
29296.4573680603, 0.0945647701320189
29296.458435704, 0.0945638165571926
29296.4595034825, 0.0945628543461583
29296.4605712725, 0.0945618930962065
29296.4616389753, 0.0945609423746133
29296.4627064962, 0.0945600116311646
29296.463773725, 0
29296.4648405708, 0
29296.4659069505, 0
29296.466972825, 0
29296.4680381526, 0
29296.4691029224, 0
29296.4701671425, 0
29296.4712308235, 0
29296.472294037, 0
29296.4733568536, 0
29296.4744193352, 0
29296.4754815782, 0
29296.4765436868, 0
29296.4776057601, 0
29296.478667908, 0
29296.479730217, 0
29296.4807927889, 0
29296.4818556836, 0
29296.4829189704, 0
29296.4839827131, 0
29296.4850469237, 0
29296.4861116062, 0
29296.487176761, 0
29296.4882423616, 0.0945581262456675
29296.4893083564, 0.0945589095897965
29296.4903746947, 0.0945597152462909
29296.4914412829, 0.0945605338452324
29296.4925080343, 0.0945613558738279
29296.493574867, 0.0945621717803068
29296.4946416864, 0.094562972065934
29296.4957083707, 0.0945637473806623
29296.4967748433, 0.0945644886813062
29296.4978410295, 0.0945651872980128
29296.4989068724, 0.0945658350391561
29296.4999723141, 0.0945664242684087
29296.5004286387, 0.094566657047631

