29294.5004286387, 0.0946997277893741
29294.5011230831, 0.0946994988082012
29294.5021174583, 0.0946991051648753
29294.5031526887, 0.094698616254415
29294.5041929934, 0.0946980481263407
29294.5052342808, 0.0946974076915561
29294.5062761195, 0.0946967011783313
29294.5073184341, 0.0946959353615624
29294.5083612419, 0.094695117592747
29294.5094045058, 0.0946942558234017
29294.5104481824, 0.0946933584892877
29294.5114922016, 0.0946924344396065
29294.512536474, 0.0946914928368481
29294.513580912, 0.0946905430393456
29294.5146254066, 0.0946895945186512
29294.5156698563, 0.0946886567288848
29294.5167141534, 0
29294.5177582003, 0
29294.5188018981, 0
29294.5198451767, 0
29294.5208879738, 0
29294.5219302448, 0
29294.5229719749, 0
29294.5240131778, 0
29294.5250538893, 0
29294.5260941598, 0
29294.5271340454, 0
29294.5281736252, 0
29294.529212979, 0
29294.5302522042, 0
29294.5312913809, 0
29294.5323306195, 0
29294.5333699889, 0
29294.5344095843, 0
29294.5354494708, 0
29294.5364896976, 0
29294.5375303193, 0
29294.5385713628, 0
29294.5396128292, 0
29294.5406546974, 0
29294.5416970039, 0
29294.5427396848, 0.0946867408831308
29294.5437826804, 0.094687538603231
29294.5448258974, 0.0946883487277467
29294.5458692632, 0.0946891618632772
29294.5469126759, 0.0946899685558295
29294.5479560462, 0.0946907594277649
29294.5489992779, 0.0946915252671624
29294.5500422761, 0.0946922571373299
29294.5510849683, 0.0946929464902153
29294.5521273042, 0.0946935852569729
29294.5531692199, 0.0946941659133481
29294.554210695, 0.0946946815933401
29294.5552517165, 0.0946951261373675
29294.5562923468, 0.0946954941788169
29294.5573326275, 0.0946957811499328
29294.5583725823, 0.0946959833388785
29294.5594123032, 0.0946960979424994
29294.5604518759, 0.0946961230681171
29294.56149138, 0.0946960577554756
29294.5625309214, 0.0946959019825272
29294.5635705775, 0.0946956566689576
29294.5646104575, 0.0946953236562673
29294.5656506286, 0.0946949057074785
29294.5666911753, 0.0946944064642494
29294.5677321423, 0.0946938304355995
29294.5687735676, 0.0946931829432078
29294.5698154757, 0.0946924700724846
29294.5708578557, 0.0946916986294441
29294.5719007352, 0.0946908760175753
29294.5729440617, 0.0946900102525077
29294.5739878035, 0.0946891098036726
29294.5750318694, 0.0946881835726075
29294.5760761799, 0.0946872407378264
29294.5771206478, 0.0946862906711005
29294.5781651545, 0.0946853428563635
29294.5792095965, 0.0946844067420688
29294.580253879, 0
29294.5812978839, 0
29294.582341545, 0
29294.5833847712, 0
29294.5844275119, 0
29294.5854697332, 0
29294.5865114171, 0
29294.5875525676, 0
29294.5885932352, 0
29294.5896334614, 0
29294.5906733085, 0
29294.5917128554, 0
29294.5927521806, 0
29294.5937913795, 0
29294.5948305311, 0
29294.5958697489, 0
29294.5969091209, 0
29294.5979487197, 0
29294.5989886163, 0
29294.6000288761, 0
29294.601069546, 0
29294.6021106358, 0
29294.6031521564, 0
29294.6041940984, 0
29294.6052364783, 0
29294.6062792233, 0.0946826665361162
29294.6073222611, 0.0946834658939071
29294.6083655164, 0.0946842767005291
29294.6094089106, 0.0946850895495761
29294.6104523433, 0.0946858949905727
29294.6114957051, 0.0946866836439123
29294.6125389171, 0.0946874463355628
29294.6135818949, 0.0946881741707272
29294.6146245751, 0.0946888586505606
29294.6156668834, 0.0946894917437953
29294.6167087909, 0.0946900660082265
29294.6177502591, 0.0946905746350854
29294.618791278, 0.0946910115417169
29294.6198319082, 0.0946913714415762
29294.6208721703, 0.0946916498487888
29294.621912145, 0.0946918431559661
29294.6229518863, 0.0946919486424296
29294.6239914725, 0.0946919645123104
29294.6250309949, 0.0946918899039946
29294.6260705638, 0.0946917248915732
29294.6271102525, 0.094691470491449
29294.6281501731, 0.0946911286387141
29294.6291903866, 0.0946907021909704
29294.6302309763, 0.0946901948799572
29294.6312719952, 0.0946896112952578
29294.6323134799, 0.094688956837768
29294.6333554518, 0.0946882376677775
29294.6343979023, 0.0946874606557738
29294.6354408363, 0.0946866332821799
29294.6364842294, 0.0946857635917443
29294.6375280124, 0.0946848601279583
29294.6385721106, 0.0946839318121261
29294.6396164418, 0.0946829878486148
29294.6406609138, 0.0946820376267516
29294.641705402, 0.0946810906382331
29294.6427498128, 0.0946801563136235
29294.643794054, 0
29294.6448380168, 0
29294.6458816142, 0
29294.6469247844, 0
29294.6479674768, 0
29294.6490096516, 0
29294.6500512808, 0
29294.6510923981, 0
29294.6521330235, 0
29294.653173211, 0
29294.6542130233, 0
29294.6552525357, 0
29294.6562918332, 0
29294.657331009, 0
29294.6583701448, 0
29294.6594093492, 0
29294.6604487145, 0
29294.6614883158, 0
29294.662528232, 0
29294.6635685336, 0
29294.6646092505, 0
29294.6656504034, 0
29294.666691983, 0
29294.6677339721, 0
29294.6687764186, 0.00664525938891472
29294.6698192243, 0.0946785918970248
29294.6708623238, 0.094679392805454
29294.6719056333, 0.0946802042028021
29294.6729490596, 0.0946810166642469
29294.673992494, 0.0946818207363951
29294.6750358677, 0.0946826070855233
29294.6760790799, 0.0946833665453626
29294.6771220519, 0.0946840902603199
29294.6781647078, 0.0946847697685335
29294.6792069941, 0.0946853971066164
29294.6802488727, 0.0946859648892468
29294.6812903212, 0.0946864663861024
29294.6823313326, 0.0946868955908014
29294.6833719569, 0.0946872472933996
29294.6844122322, 0.0946875170996013
29294.6854522188, 0.094687701486462
29294.6864919783, 0.0946877978293432
29294.6875316114, 0.0946878044273837
29294.6885711939, 0.0946877205118895
29294.6896108138, 0.0946875462567964
29294.6906505699, 0.0946872827713753
29294.6916905492, 0.0946869320920209
29294.6927308317, 0.0946864971633645
29294.6937714906, 0.0946859818098086
29294.694812582, 0.0946853907040962
29294.6958541319, 0.0946847293335101
29294.6968961738, 0.094684003924215
29294.6979386845, 0.0946832214239085
29294.6989816724, 0.0946823893699788
29294.700025107, 0.0946815158634558
29294.7010689226, 0.094680609486933
29294.7021130534, 0.09467967918619
29294.7031574074, 0.0946787341959505
29294.7042018779, 0.0946777839306931
29294.7052463648, 0.0946768378606734
29294.7062907639, 0.0946759054161841
29294.7073349681, 0
29294.708378894, 0
29294.7094224562, 0
29294.7104655906, 0
29294.7115082375, 0
29294.7125503682, 0
29294.7135919586, 0
29294.7146330193, 0
29294.7156736192, 0
29294.7167137758, 0
29294.7177535613, 0
29294.7187930413, 0
29294.7198323184, 0
29294.7208714735, 0
29294.7219106023, 0
29294.7229498106, 0
29294.723989186, 0
29294.7250288187, 0
29294.7260687758, 0
29294.7271091173, 0
29294.7281498834, 0
29294.7291910939, 0
29294.7302327392, 0
29294.7312748057, 0
29294.7323173229, 0.0946737335046538
29294.7333602, 0.0946745170359935
29294.7344033471, 0.0946753193953927
29294.7354466965, 0.0946761312811482
29294.7364901479, 0.0946769432565742
29294.7375335927, 0.0946777458733428
29294.7385769516, 0.0946785298052201
29294.7396201447, 0.0946792859281972
29294.740663069, 0.0946800054062008
29294.7417056814, 0.0946806798466935
29294.7427479171, 0.0946813013336592
29294.7437897398, 0.0946818625468532
29294.7448311341, 0.0946823568309335
29294.7458720947, 0.0946827782576386
29294.7469126828, 0.0946831217033566
29294.7479529439, 0.0946833828609282
29294.7489929422, 0.0946835582955332
29294.7500327112, 0.0946836454709513
29294.7510723637, 0.0946836427843766
29294.7521119712, 0.0946835495644363
29294.7531516529, 0.0946833660759584
29294.7541914734, 0.0946830935272421
29294.7552315284, 0.0946827340469579
29294.7562718967, 0.0946822906707819
29294.7573126433, 0.0946817673147248
29294.7583538186, 0.094681168739617
29294.7593954483, 0.0946805005131352
29294.7604375602, 0.0946797689393689
29294.7614801378, 0.0946789810283162
29294.7625231978, 0.0946781443690037
29294.7635666957, 0.0946772671233395
29294.7646105649, 0.0946763579164251
29294.7656547348, 0.0946754257298192
29294.7666991177, 0.094674479816045
29294.7677436122, 0.0946735295949241
29294.768788124, 0.0946725845313178
29294.7698325371, 0.0946716540555964
29294.7708767512, 0
29294.7719206845, 0
29294.7729642282, 0
29294.7740073397, 0
29294.7750499546, 0
29294.7760920369, 0
29294.7771335771, 0
29294.7781745953, 0
29294.7792151424, 0
29294.7802552673, 0
29294.7812950232, 0
29294.782334484, 0
29294.7833737526, 0
29294.7844129144, 0
29294.7854520484, 0
29294.7864912809, 0
29294.7875306788, 0
29294.7885703433, 0
29294.7896103409, 0
29294.7906507252, 0
29294.7916915365, 0
29294.7927327873, 0
29294.7937744654, 0
29294.7948166078, 0
29294.7958591633, 0.0946696561412161
29294.7969020646, 0.0946704419635289
29294.7979452412, 0.0946712456737229
29294.7989886021, 0.0946720579368005
29294.8000320434, 0.0946728693084399
29294.8010754749, 0.0946736703606705
29294.8021188099, 0.094674451778437
29294.8031619569, 0.0946752044565869
29294.8042048221, 0.094675919604299
29294.8052473577, 0.0946765888738902
29294.8062895151, 0.0946772044168334
29294.8073312505, 0.0946777589733824
29294.8083725562, 0.0946782459651173
29294.8094134425, 0.0946786595485037
29294.8104539679, 0.0946789946802849
29294.8114941771, 0.0946792471400025
29294.8125341303, 0.0946794135832068
29294.8135739043, 0.0946794915703463
29294.8146135622, 0.0946794795865622
29294.8156531922, 0.0946793770575449
29294.8166929005, 0.094679184345741
29294.8177327689, 0.0946789027514301
29294.8187728708, 0.0946785345028057
29294.8198132981, 0.0946780827228421
29294.8208540998, 0.0946775514227024
29294.8218953286, 0.0946769454471183
29294.8229370143, 0.0946762704402345
29294.8239791428, 0.0946755328087822
29294.8250217803, 0.0946747395688626
29294.8260648877, 0.094673898406389
29294.8271084318, 0.0946730175237889
29294.8281523514, 0.0946721055809336
29294.8291965679, 0.0946711715962393
29294.8302409884, 0.0946702248468376
29294.8312855071, 0.0946692747664229
29294.8323300199, 0.0946683308273855
29294.8333744261, 0.0946674024337239
29294.8344186308, 0
29294.8354625458, 0
29294.8365060672, 0
29294.8375491267, 0
29294.8385916775, 0
29294.8396336924, 0
29294.8406751582, 0
29294.8417161251, 0
29294.8427566292, 0
29294.8437967054, 0
29294.8448364268, 0
29294.8458758738, 0
29294.8469151259, 0
29294.847954281, 0
29294.8489934267, 0
29294.8500326596, 0
29294.8510720879, 0
29294.8521117837, 0
29294.8531518157, 0
29294.8541922408, 0
29294.8552330891, 0
29294.8562743773, 0
29294.857316106, 0
29294.8583582927, 0
29294.8594008715, 0.0946655785811115
29294.8604437973, 0.0946663665977703
29294.8614869774, 0.0946671715394675
29294.8625303338, 0.0946679840669197
29294.8635737794, 0.0946687947455642
29294.8646171947, 0.0946695941316191
29294.8656604964, 0.0946703729309363
29294.8667036034, 0.0946711220748202
29294.8677464287, 0.0946718328152567
29294.868788904, 0.0946724968391247
29294.8698309863, 0.094673106360253
29294.8708726527, 0.0946736541966837
29294.8719138702, 0.09467413383021
29294.8729546961, 0.0946745395171793
29294.8739951636, 0.0946748662856918
29294.8750353281, 0.0946751100063699
29294.8760752291, 0.0946752674226667
29294.8771149539, 0.0946753361935005
29294.8781545875, 0.094675314900232
29294.8791942108, 0.0946752030621884
29294.8802339075, 0.0946750011412682
29294.8812737723, 0.0946747105326698
29294.8823138796, 0.0946743335578334
29294.8833543032, 0.0946738734387038
29294.8843951191, 0.0946733342621789
29294.885436365, 0.0946727209622129
29294.886478068, 0.0946720392621027
29294.887520214, 0.0946712956401804
29294.8885628637, 0.0946704971804459
29294.8896059976, 0.0946696516094429
29294.8906495573, 0.0946687671968872
29294.8916934972, 0.0946678526280998
29294.8927377301, 0.094666916957353
29294.8937821541, 0.094665969488752
29294.8948266677, 0.0946650196603593
29294.8958711741, 0.0946640769354031
29294.8969155649, 0.0946631507120275
29294.8979597245, 0
29294.8990035671, 0
29294.9000470244, 0
29294.9010900172, 0
29294.9021325087, 0
29294.9031744489, 0
29294.9042158533, 0
29294.905256738, 0
29294.9062971718, 0
29294.9073371928, 0
29294.9083768585, 0
29294.9094162591, 0
29294.9104554795, 0
29294.9114946116, 0
29294.9125337474, 0
29294.913572984, 0
29294.9146124267, 0
29294.9156521482, 0
29294.9166922055, 0
29294.9177326642, 0
29294.9187735542, 0
29294.9198148813, 0
29294.9208566554, 0
29294.9218988908, 0
29294.922941525, 0.0946615007534494
29294.9239844907, 0.0946622908651682
29294.9250277211, 0.0946630969623462
29294.9260711032, 0.0946639096652619
29294.9271145591, 0.0946647195437092
29294.9281579879, 0.0946655171764588
29294.9292012828, 0.0946662932699492
29294.9302443653, 0.0946670387877254
29294.9312871576, 0.0946677450284062
29294.9323296071, 0.0946684037378414
29294.9333716535, 0.0946690071762764
29294.9344132858, 0.0946695482345748
29294.9354544772, 0.0946700204698137
29294.9364952728, 0.0946704182112663
29294.9375357203, 0.0946707365767192
29294.9385758575, 0.0946709715204706
29294.9396157446, 0.094671119883396
29294.9406554542, 0.0946711794166624
29294.9416950672, 0.0946711488000247
29294.9427346697, 0.0946710276520094
29294.9437743522, 0.0946708165312624
29294.9448142108, 0.0946705169279744
29294.9458543159, 0.0946701312583212
29294.9468947435, 0.0946696628341876
29294.9479355577, 0.094669115835633
29294.9489768014, 0.0946684952776863
29294.9500185178, 0.0946678069496182
29294.9510606769, 0.0946670574097023
29294.9521033445, 0.0946662538006283
29294.9531464928, 0.0946654039103637
29294.9541900721, 0.0946645160480508
29294.9552340106, 0.0946635989590251
29294.9562782282, 0.0946626617199297
29294.9573226332, 0.0946617136431503
29294.9583671187, 0.0946607641782743
29294.9594115907, 0.0946598227823406
29294.9604559214, 0.0946588988562511
29294.961500024, 0
29294.9625438038, 0
29294.9635871816, 0
29294.9646300789, 0
29294.9656724792, 0
29294.9667143395, 0
29294.9677556515, 0
29294.9687964557, 0
29294.9698368099, 0
29294.9708767538, 0
29294.9719163554, 0
29294.9729557066, 0
29294.9739948797, 0
29294.9750339771, 0
29294.9760730987, 0
29294.9771123392, 0
29294.9781517891, 0
29294.9791915277, 0
29294.9802316207, 0
29294.9812721128, 0
29294.9823130559, 0
29294.9833544422, 0
29294.9843962707, 0
29294.9854385699, 0
29294.9864812658, 0.0946574226608785
29294.9875242916, 0.0946582147764391
29294.988567557, 0.0946590219089066
29294.9896109742, 0.09465983468591
29294.9906544401, 0.0946606436561432
29294.9916978699, 0.0946614394206902
29294.9927411802, 0.0946622127235097
29294.9937842682, 0.0946629545395428
29294.9948270596, 0.0946636562104594
29294.9958695042, 0.0946643095333018
29294.996911555, 0.094664906834156
29294.9979531803, 0.0946654410580402
29294.99899437, 0.0946659058444505
29295.0000351717, 0.0946662956018618
29295.0010756215, 0.0946666055283271
29295.0021157624, 0.0946668316698267
29295.0031556647, 0.0946669709613454
29295.0041953832, 0.0946670212471589
29295.0052350218, 0.0946669813046635
29295.0062746411, 0.0946668508509368
29295.0073143494, 0.0946666305407713
29295.0083542259, 0.0946663219647773
29295.0093943571, 0.0946659276292936
29295.0104348093, 0.094665450940669
29295.0114756561, 0.0946648961613932
29295.0125169502, 0.0946642683808728
29295.013558704, 0.0946635734831406
29295.0146009173, 0.0946628180763049
29295.0156436301, 0.0946620093834924
29295.0166868091, 0.0946611552528366
29295.0177304097, 0.0946602640364938
29295.0187743664, 0.0946593445110579
29295.0198185935, 0.0946584057850454
29295.0208630044, 0.0946574571827397
29295.0219074786, 0.094656508172501
29295.0229519185, 0.0946555682096948
29295.0239962138, 0.0946546466638243
29295.0250402703, 0
29295.026083993, 0
29295.0271272982, 0
29295.0281701278, 0
29295.029212441, 0
29295.0302542108, 0
29295.0312954349, 0
29295.0323361521, 0
29295.0333764162, 0
29295.0344162653, 0
29295.0354557799, 0
29295.0364950595, 0
29295.0375341761, 0
29295.0385732229, 0
29295.0396123211, 0
29295.0406515361, 0
29295.0416909916, 0
29295.0427307526, 0
29295.0437708808, 0
29295.0448114218, 0
29295.0458524011, 0
29295.0468938383, 0
29295.0479357145, 0
29295.0489780585, 0
29295.0500207856, 0.0946533443040957
29295.051063842, 0.094654138309423
29295.0521071311, 0.0946549463751813
29295.053150558, 0.0946557591125603
29295.0541940437, 0.0946565670888523
29295.0552374935, 0.0946573609073846
29295.0562808117, 0.0946581313236734
29295.0573238982, 0.0946588693463549
29295.0583666856, 0.0946595663632809
29295.0594091175, 0.0946602142181039
29295.0604511567, 0.094660805302476
29295.0614927706, 0.0946613326277742
29295.0625339447, 0.0946617899057645
29295.0635747425, 0.0946621716311854
29295.0646151881, 0.0946624730823577
29295.0656553198, 0.0946626903949773
29295.0666952203, 0.0946628206004236
29295.0677349538, 0.0946628616380954
29295.0687746101, 0.0946628123806064
29295.0698142716, 0.0946626726398615
29295.0708540232, 0.0946624431690539
29295.0718939553, 0.0946621256521285
29295.0729341561, 0.094661722686605
29295.0739746917, 0.0946612377672194
29295.0750156286, 0.0946606752446828
29295.0760570101, 0.0946600402953654
29295.0770988564, 0.0946593388746284
29295.0781411478, 0.0946585776738667
29295.0791839368, 0.0946577639700268
29295.0802271895, 0.0946569056656679
29295.0812708528, 0.0946560111657944
29295.0823148546, 0.0946550892895389
29295.0833591149, 0.0946541491669199
29295.0844035316, 0.0946532001526376
29295.0854480068, 0.0946522516993459
29295.0864924327, 0.0946513132657137
29295.087536711, 0.0755396447322529
29295.0885807407, 0
29295.0896244289, 0
29295.0906676974, 0
29295.0917104759, 0
29295.0927527301, 0
29295.0937944318, 0
29295.0948355811, 0
29295.0958762258, 0
29295.0969164134, 0
29295.0979561966, 0
29295.0989956486, 0
29295.1000348647, 0
29295.1010739356, 0
29295.1021129523, 0
29295.1031520333, 0
29295.1041912674, 0
29295.1052307356, 0
29295.1062705282, 0
29295.1073106957, 0
29295.1083512742, 0
29295.1093923007, 0
29295.1104337752, 0
29295.1114756798, 0
29295.1125180457, 0
29295.1135607891, 0.0946492658058335
29295.1146038429, 0.0946500615916667
29295.1156471363, 0.0946508704882428
29295.1166905656, 0.0946516830903528
29295.1177340544, 0.0946524899681966
29295.1187774849, 0.0946532817191643
29295.1198207735, 0.0946540491309932
29295.1208638456, 0.0946547832634188
29295.1219066139, 0.0946554755317045
29295.122949026, 0.0946561178339036
29295.1239910444, 0.0946567026213168
29295.1250326351, 0.0946572229725359
29295.1260737789, 0.0946576726728809
29295.1271145384, 0.0946580462992844
29295.1281549546, 0.0946583392227237
29295.1291950639, 0.0946585476680008
29295.130234951, 0.0946586687596095
29295.131274689, 0.0946587005322309
29295.1323143542, 0.0946586419542947
29295.1333540291, 0.0946584929363357
29295.1343938169, 0.0946582543246157
29295.1354338161, 0.0946579278919205
29295.1364740929, 0.0946575163327466
29295.1375147264, 0.0946570232246089
29295.1385557666, 0.0946564530101043
29295.1395972522, 0.0946558109491006
29295.1406392015, 0.0946551030738497
29295.1416816014, 0.0946543361399452
29295.1427244808, 0.0946535175032999
29295.1437678094, 0.0946526551189034
29295.1448115329, 0.0946517574380624
29295.1458555896, 0.0946508333064813
29295.1468998808, 0.0946498918962224
29295.1479443173, 0.0946489425650295
29295.1489888118, 0.0946479947597701
29295.1500332452, 0.094647057942872
29295.1510775223, 0
29295.1521215342, 0
29295.1531651929, 0
29295.154208426, 0
29295.155251168, 0
29295.1562933664, 0
29295.1573350008, 0
29295.1583760858, 0
29295.1594166782, 0
29295.1604568151, 0
29295.1614965618, 0
29295.1625359872, 0
29295.1635751801, 0
29295.16461425, 0
29295.1656532809, 0
29295.1666923762, 0
29295.1677316341, 0
29295.1687711456, 0
29295.1698109697, 0
29295.170851172, 0
29295.1718917912, 0
29295.1729328425, 0
29295.1739743371, 0
29295.175016267, 0
29295.1760586617, 0
29295.1771014334, 0.0946451869636672
29295.1781445066, 0.0946459844466181
29295.1791878079, 0.09464679407453
29295.1802312447, 0.0946476064422584
29295.1812747303, 0.0946484121141293
29295.1823181737, 0.094649201720576
29295.1833614648, 0.0946499660520277
29295.1844045219, 0.0946506961972245
29295.1854472835, 0.0946513836329514
29295.1864896779, 0.0946520202966133
29295.1875316641, 0.0946525987001191
29295.1885732169, 0.0946531119972784
29295.1896143333, 0.0946535540567949
29295.1906550525, 0.094653919527597
29295.1916954225, 0.0946542038725296
29295.1927355123, 0.0946544034147449
29295.1937753705, 0.0946545153648806
29295.1948150852, 0.0946545378574778
29295.195854751, 0.0946544699567989
29295.1968944564, 0.094654311665602
29295.1979343068, 0.0946540639205487
29295.1989743724, 0.0946537285938796
29295.2000147187, 0.0946533084743079
29295.2010554212, 0.0946528072314596
29295.2020965494, 0.0946522293829633
29295.2031381211, 0.0946515802796684
29295.2041801637, 0.09465086602259
29295.2052226514, 0.0946500934439085
29295.2062656128, 0.0946492699607296
29295.207309014, 0.0946484035837714
29295.2083528134, 0.0946475027972961
29295.2093969135, 0.0946465765127147
29295.2104412571, 0.0946456338895615
29295.2114857218, 0.0946446843293872
29295.2125302175, 0.09464373728483
29295.2135746487, 0.0946428021885003
29295.2146189055, 0
29295.2156628901, 0
29295.2167065125, 0
29295.2177496922, 0
29295.2187923794, 0
29295.219834528, 0
29295.2208761099, 0
29295.2219171613, 0
29295.222957718, 0
29295.223997836, 0
29295.225037568, 0
29295.2260769987, 0
29295.2271162165, 0
29295.2281553099, 0
29295.2291943862, 0
29295.2302335348, 0
29295.231272852, 0
29295.2323124086, 0
29295.2333522887, 0
29295.2343925429, 0
29295.2354332098, 0
29295.2364743185, 0
29295.2375158702, 0
29295.2385578298, 0
29295.2396002529, 0
29295.2406430505, 0.0946411077979412
29295.2416861551, 0.094641906878345
29295.2427294912, 0.0946427171472059
29295.2437729584, 0.0946435291856534
29295.2448164702, 0.0946443335613624
29295.2458599249, 0.0946451209104691
29295.2469032395, 0.0946458820678018
29295.2479463099, 0.0946466081394519
29295.2489890678, 0.0946472906425738
29295.2500314528, 0.0946479215763534
29295.2510734247, 0.0946484935153639
29295.2521149611, 0.0946489996848874
29295.2531560471, 0.0946494340257588
29295.2541967495, 0.0946497912808458
29295.2552371199, 0.0946500669983173
29295.2562772088, 0.0946502575863313
29295.2573170764, 0.0946503603519091
29295.2583568088, 0.0946503735245808
29295.2593965045, 0.0946502962648524
29295.2604362384, 0.0946501286743282
29295.2614761142, 0.0946498717890117
29295.2625162125, 0.0946495275749215
29295.2635566075, 0.0946490989092938
29295.2645973715, 0.0946485895502199
29295.2656385441, 0.0946480041163363
29295.2666801617, 0.094647348030446
29295.2677222491, 0.0946466274693798
29295.2687647897, 0.0946458493254507
29295.2698077997, 0.0946450210839911
29295.2708512479, 0.0946441508050191
29295.2718950779, 0.0946432470278931
29295.2729392082, 0.0946423186834272
29295.2739835545, 0.0946413749781828
29295.2750280217, 0.0946404253013925
29295.2760725123, 0.0946394791139055
29295.2771169098, 0.0946385458581951
29295.2781611243, 0
29295.2792050614, 0
29295.280248621, 0
29295.2812917342, 0
29295.2823343403, 0
29295.2833764184, 0
29295.2844179498, 0
29295.2854589501, 0
29295.286499467, 0
29295.2875395582, 0
29295.2885792846, 0
29295.2896187167, 0
29295.2906579454, 0
29295.2916970576, 0
29295.2927361606, 0
29295.2937753346, 0
29295.2948146825, 0
29295.2958542802, 0
29295.2968941945, 0
29295.2979344797, 0
29295.2989751931, 0
29295.3000163363, 0
29295.3010579294, 0
29295.3020999373, 0
29295.3031424103, 0.041871916038205
29295.3041852564, 0.0946370282969707
29295.3052284085, 0.0946378288866896
29295.3062717863, 0.0946386396993234
29295.3073152875, 0.0946394513081246
29295.308358825, 0.0946402542842499
29295.3094023045, 0.0946410392842775
29295.3104456198, 0.094641797151137
29295.3114886884, 0.0946425190429281
29295.3125314361, 0.0946431965178352
29295.3135737948, 0.0946438216256509
29295.3146157391, 0.0946443870135785
29295.3156572487, 0.0946448859782266
29295.3166983179, 0.0946453125409685
29295.3177390029, 0.0946456615219083
29295.3187793459, 0.0946459285554051
29295.3198194097, 0.0946461101462348
29295.3208592636, 0.0946462036969798
29295.3218989945, 0.0946462075319515
29295.3229387007, 0.0946461209073469
29295.3239784375, 0.0946459440250354
29295.325018325, 0.0946456780162369
29295.3260584359, 0.0946453249442651
29295.3270988559, 0.0946448877745754
29295.3281396439, 0.094644370359461
29295.3291808462, 0.0946437773994033
29295.3302225036, 0.0946431143930166
29295.3312646198, 0.0946423876042073
29295.3323071887, 0.0946416039857955
29295.3333502282, 0.0946407710800379
29295.334393708, 0.0946398969962352
29295.3354375549, 0.0946389903293457
29295.3364816984, 0.0946380600327164
29295.3375260626, 0.0946371153268223
29295.338570537, 0.094636165625925
29295.3396150029, 0.0946352204107497
29295.3406593728, 0.0946342890871044
29295.3417035419, 0
29295.3427474048, 0
29295.3437908881, 0
29295.3448339069, 0
29295.3458764262, 0
29295.346918417, 0
29295.3479598537, 0
29295.3490007804, 0
29295.3500412321, 0
29295.3510812697, 0
29295.3521209466, 0
29295.3531603395, 0
29295.354199527, 0
29295.3552386241, 0
29295.3562777137, 0
29295.3573169017, 0
29295.3583562537, 0
29295.3593958725, 0
29295.3604358005, 0
29295.3614761088, 0
29295.3625168409, 0
29295.363558007, 0
29295.3645996222, 0
29295.3656416627, 0
29295.3666841592, 0.0946321650142904
29295.3677270323, 0.0946329484410641
29295.3687702072, 0.0946337504336505
29295.3698136062, 0.0946345616861787
29295.3708571166, 0.0946353727582863
29295.3719006536, 0.0946361742283079
29295.3729441067, 0.0946369567568049
29295.3739873954, 0.0946377112332028
29295.3750304257, 0.0946384288440505
29295.3760731195, 0.0946391011926229
29295.3771154391, 0.0946397204032115
29295.3781573261, 0.0946402791670929
29295.3791987678, 0.0946407708587646
29295.3802397867, 0.0946411895901769
29295.3812804246, 0.0946415302571129
29295.3823207202, 0.0946417885813947
29295.3833607615, 0.0946419611638804
29295.3844005933, 0.0946420454960731
29295.3854403165, 0.0946420399996218
29295.3864800065, 0.0946419440292486
29295.3875197519, 0.0946417578813701
29295.3885596455, 0.0946414827873341
29295.3895997726, 0.0946411209028065
29295.3906402154, 0.0946406752859067
29295.3916810355, 0.0946401498758695
29295.3927222591, 0.0946395494684927
29295.3937639399, 0.09463887963502
29295.3948060547, 0.0946381467316957
29295.3958486567, 0.0946373577339003
29295.3968917332, 0.0946365202614134
29295.3979352448, 0.0946356424800551
29295.3989791198, 0.0946347330239486
29295.4000232863, 0.0946338008780834
29295.4010676631, 0.0946328552882208
29295.4021121292, 0.0946319056880399
29295.40315659, 0.0946309615355965
29295.4042009357, 0.0946300322449732
29295.4052450757, 0
29295.4062888882, 0
29295.4073323122, 0
29295.4083752628, 0
29295.4094177059, 0
29295.4104595972, 0
29295.4115009484, 0
29295.4125417794, 0
29295.4135821393, 0
29295.4146220922, 0
29295.4156616864, 0
29295.4167010197, 0
29295.4177401717, 0
29295.418779235, 0
29295.4198182914, 0
29295.4208574528, 0
29295.4218967986, 0
29295.4229364124, 0
29295.4239763481, 0
29295.4250166748, 0
29295.4260574217, 0
29295.4270986026, 0
29295.4281402294, 0
29295.4291822734, 0
29295.4302247753, 0.0946280824398458
29295.4312676514, 0.0946288681103937
29295.4323108146, 0.0946296713894487
29295.4333541952, 0.0946304829625573
29295.4343976936, 0.0946312933953661
29295.4354412006, 0.0946320932536631
29295.4364846289, 0.0946328732329192
29295.4375278784, 0.0946336242354462
29295.4385708613, 0.0946343374903797
29295.4396134995, 0.094635004648895
29295.440655753, 0.0946356178909467
29295.4416975689, 0.0946361699767909
29295.4427389462, 0.0946366543589417
29295.4437798965, 0.0946370652225894
29295.4448204751, 0.0946373975526862
29295.4458607234, 0.0946376471589954
29295.4469007054, 0.0946378107298916
29295.4479405086, 0.0946378858580279
29295.4489802132, 0.0946378710566727
29295.4500198954, 0.0946377657774748
29295.4510596453, 0.0946375704131788
29295.452099576, 0.0946372862839281
29295.4531397396, 0.0946369156468362
29295.4541802262, 0.0946364616498226
29295.4552210894, 0.0946359283241229
29295.4562623894, 0.0946353205293066
29295.4573041511, 0.0946346439283294
29295.4583463397, 0.0946339049577647
29295.4593890146, 0.0946331106542512
29295.4604321677, 0.0946322686908174
29295.4614757438, 0.0946313872948635
29295.4625196814, 0.0946304751320259
29295.4635638943, 0.0946295412298234
29295.4646083012, 0.094628594853884
29295.4656528069, 0.0946276454236405
29295.4666972869, 0.0946267024225156
29295.4677416367, 0.094625775247279
29295.4687857634, 0
29295.4698295574, 0
29295.470872938, 0
29295.4719158398, 0
29295.4729582222, 0
29295.4740000457, 0
29295.4750413123, 0
29295.4760820684, 0
29295.4771223547, 0
29295.4781622256, 0
29295.4792017502, 0
29295.4802410201, 0
29295.4812801284, 0
29295.4823191512, 0
29295.4833582088, 0
29295.4843973741, 0
29295.4854367305, 0
29295.4864763578, 0
29295.4875163275, 0
29295.4885566797, 0
29295.4895974628, 0
29295.4906386604, 0
29295.491680301, 0
29295.4927223627, 0
29295.4937648794, 0.094623999687136
29295.4948077527, 0.09462478750023
29295.4958509139, 0.094625591973706
29295.4968942724, 0.0946264037631639
29295.4979377356, 0.0946272134366893
29295.4989812082, 0.0946280115788298
29295.5000245926, 0.0946287888956332
29295.5010678044, 0.0946295363297247
29295.5021107439, 0.0946302451402726
29295.5031533298, 0.0946309070250682
29295.5041955341, 0.094631514229224
29295.5052373111, 0.0946320595813059
29295.506278643, 0.0946325365971825
29295.5073195475, 0.0946329395448796
29295.5083600788, 0.0946332634940602
29295.509400292, 0.0946335043474196
29295.5104402596, 0.0946336588851077
29295.5114800488, 0.0946337247905834
29295.5125197393, 0.0946337006756355
29295.5135594242, 0.0946335860889196
29295.5145991958, 0.0946333815175982
29295.5156391418, 0.0946330883831504
29295.5166793456, 0.0946327090278758
29295.5177198839, 0.0946322466928539
29295.5187608139, 0.0946317054936888
29295.5198021828, 0.0946310903785727
29295.520844007, 0.0946304070940901
29295.5218862752, 0.0946296621320951
29295.5229290277, 0.0946288626050891
29295.5239722493, 0.0946280162482034
29295.525015892, 0.0946271313309176
29295.5260598887, 0.0946262165619569
29295.5271041583, 0.0946252809929298
29295.5281486159, 0.0946243339112986
29295.5291931385, 0.0946233847699647
29295.5302376283, 0.0946224430252986
29295.5312819656, 0.0946215180739948
29295.532326068, 0
29295.5333698323, 0
29295.5344131771, 0
29295.5354560414, 0
29295.5364983689, 0
29295.5375401354, 0
29295.5385813378, 0
29295.5396220385, 0
29295.5406622785, 0
29295.5417021042, 0
29295.5427415982, 0
29295.5437808475, 0
29295.5448199285, 0
29295.5458589501, 0
29295.5468979953, 0
29295.5479371575, 0
29295.5489765199, 0
29295.550016171, 0
29295.5510561761, 0
29295.552096567, 0
29295.5531373798, 0
29295.554178634, 0
29295.5552203199, 0
29295.5562624717, 0
29295.557305026, 0.0946199166999417
29295.5583479336, 0.0946207065755105
29295.5593911095, 0.0946215121450388
29295.5604344792, 0.0946223240635653
29295.5614779425, 0.09462313289102
29295.5625213995, 0.0946239292173815
29295.5635647686, 0.0946247037802681
29295.5646079445, 0.094625447537253
29295.5656508511, 0.0946261518048858
29295.5666934196, 0.0946268083373811
29295.5677355942, 0.0946274094198534
29295.5687773493, 0.094627947958962
29295.5698186569, 0.0946284175384321
29295.5708595506, 0.0946288125122394
29295.5719000765, 0.0946291280301648
29295.5729402971, 0.0946293600850264
29295.5739802511, 0.0946295055442426
29295.5750200341, 0.0946295621936163
29295.5760597268, 0.0946295287413857
29295.5770994191, 0.0946294048336101
29295.5781392189, 0.094629191051068
29295.57917919, 0.0946288889155978
29295.5802194343, 0.0946285008580599
29295.5812600236, 0.0946280302106779
29295.5823010112, 0.0946274811770753
29295.5833424413, 0.0946268587893418
29295.5843843352, 0.0946261688674246
29295.5854266713, 0.0946254179800626
29295.586469494, 0.0946246132996709
29295.587512789, 0.0946237626154348
29295.5885564886, 0.0946228742600895
29295.5896005418, 0.094621956966647
29295.5906448406, 0.0946210198387262
29295.5916893001, 0.0946200721819825
29295.592733813, 0.0946191234419407
29295.5937782772, 0.094618183074791
29295.594822592, 0.0946172604452806
29295.5958666447, 0
29295.5969103539, 0
29295.597953638, 0
29295.5989964332, 0
29295.6000386983, 0
29295.6010804135, 0
29295.6021215679, 0
29295.6031622186, 0
29295.604202403, 0
29295.6052421946, 0
29295.6062816414, 0
29295.6073208498, 0
29295.6083599026, 0
29295.6093988866, 0
29295.6104379175, 0
29295.6114770747, 0
29295.6125164467, 0
29295.6135561131, 0
29295.6145961321, 0
29295.6156365575, 0
29295.6166774277, 0
29295.6177187407, 0
29295.6187604928, 0
29295.6198027122, 0
29295.62084533, 0.0946158332943111
29295.6218882841, 0.0946166251305315
29295.6229315044, 0.0946174317063616
29295.6239748964, 0.0946182436498142
29295.6250183746, 0.09461905153129
29295.6260618502, 0.0946198459587398
29295.6271052237, 0.094620617676578
29295.6281483893, 0.094621357673166
29295.6291912805, 0.0946220573131211
29295.6302338327, 0.0946227084036875
29295.6312759923, 0.0946233032901011
29295.6323177286, 0.0946238349430758
29295.633359032, 0.0946242970290501
29295.6343999257, 0.0946246839757337
29295.6354404692, 0.0946249910213686
29295.636480696, 0.0946252142398236
29295.6375206731, 0.0946253505981795
29295.6385604849, 0.0946253979744102
29295.639600207, 0.0946253551740308
29295.6406399362, 0.0946252219407073
29295.6416797556, 0.0946249989581141
29295.6427197748, 0.0946246878343844
29295.6437600607, 0.0946242911029458
29295.644800692, 0.0946238121858175
29295.6458417319, 0.0946232553685654
29295.6468832185, 0.0946226257673223
29295.6479251778, 0.0946219292745484
29295.6489675783, 0.0946211725349266
29295.6500104654, 0.0946203627822188
29295.6510537976, 0.0946195078828201
29295.6520975424, 0.094618616187098
29295.6531416127, 0.0946176964956698
29295.6541859332, 0.0946167579101779
29295.6552303921, 0.0946158097767734
29295.6562748932, 0.0946148615367884
29295.6573193245, 0.0946139226500146
29295.6583635867, 0.0946130024633285
29295.6594075975, 0
29295.6604512554, 0
29295.66149448, 0
29295.6625372117, 0
29295.6635794227, 0
29295.6646210779, 0
29295.6656621788, 0
29295.6667027863, 0
29295.6677429311, 0
29295.668782678, 0
29295.6698221044, 0
29295.6708612755, 0
29295.6719002987, 0
29295.6729392754, 0
29295.6739782863, 0
29295.6750174353, 0
29295.6760568119, 0
29295.677096496, 0
29295.6781365514, 0
29295.6791770296, 0
29295.6802179512, 0
29295.681259332, 0
29295.6823011518, 0
29295.6833434381, 0
29295.6843861251, 0.09461174943534
29295.6854291414, 0.0946125431435604
29295.686472407, 0.094613350624958
29295.6875158376, 0.0946141625043653
29295.6885593361, 0.0946149693434135
29295.6896028059, 0.0946157617552094
29295.6906461507, 0.0946165305091779
29295.6916892985, 0.0946172666507704
29295.6927321602, 0.0946179615701359
29295.6937746784, 0.0946186071310016
29295.6948168082, 0.0946191957435587
29295.6958585177, 0.0946197204449543
29295.6968997951, 0.0946201749749219
29295.6979406826, 0.0946205538486085
29295.698981216, 0.0946208523803705
29295.7000214496, 0.0946210667398956
29295.7010614559, 0.0946211939852507
29295.7021013036, 0.0946212320859859
29295.7031410725, 0.0946211799442895
29295.7041808588, 0.0946210374002637
29295.7052207467, 0.0946208052334394
29295.7062608312, 0.0946204851511886
29295.707301187, 0.0946200797793585
29295.7083419013, 0.0946195926259594
29295.7093830164, 0.094619028072811
29295.7104245691, 0.094618391320668
29295.7114665902, 0.0946176883361879
29295.712509059, 0.0946169258259021
29295.7135520109, 0.0946161110918666
29295.7145954102, 0.0946152520495337
29295.7156392043, 0.0946143571114974
29295.7166833166, 0.0946134351056367
29295.7177276588, 0.0946124951712489
29295.7187721366, 0.0946115466542068
29295.7198166465, 0.0946105990069928
29295.7208610792, 0.0946096616806435
29295.7219053391, 0.0366018996149908
29295.7229493244, 0
29295.7239929425, 0
29295.7250361289, 0
29295.72607882, 0
29295.7271209827, 0
29295.7281626003, 0
29295.729203661, 0
29295.7302442261, 0
29295.7312843562, 0
29295.7323240799, 0
29295.7333634787, 0
29295.7344026428, 0
29295.7354416572, 0
29295.7364806234, 0
29295.7375196411, 0
29295.7385588107, 0
29295.7395982197, 0
29295.7406379498, 0
29295.7416780634, 0
29295.7427185982, 0
29295.7437595776, 0
29295.7448010036, 0
29295.7458428822, 0
29295.746885231, 0
29295.7479279773, 0.0946076652801736
29295.7489710465, 0.0946084607670843
29295.7500143555, 0.0946092690630882
29295.7510578197, 0.0946100807831814
29295.7521013247, 0.0946108864762363
29295.7531447948, 0.0946116767837689
29295.7541881221, 0.0946124424890389
29295.7552312325, 0.0946131746697604
29295.7562740443, 0.0946138647652934
29295.7573165022, 0.0946145046941377
29295.7583585743, 0.0946150869353941
29295.7594002113, 0.0946156045864348
29295.7604414196, 0.0946160514732632
29295.7614822521, 0.0946164221960656
29295.7625227598, 0.0946167121574612
29295.7635629816, 0.0946169176099693
29295.7646029817, 0.0946170357032363
29295.7656428471, 0.0946170645032894
29295.76668265, 0.0946170030064517
29295.7677224815, 0.0946168511493171
29295.7687624375, 0.0946166098045016
29295.7698025928, 0.0946162807782487
29295.7708430379, 0.0946158667837842
29295.7718838349, 0.094615371428958
29295.7729250354, 0.0946147991788888
29295.7739666773, 0.0946141553148827
29295.7750087667, 0.0946134458961609
29295.7760512982, 0.0946126776899452
29295.7770943118, 0.0946118580564106
29295.7781377628, 0.0946109949714231
29295.7791816015, 0.0946100968895549
29295.7802257619, 0.0946091726643018
29295.7812701362, 0.0946082314766331
29295.7823146406, 0.0946072826772258
29295.7833591716, 0.0946063357217315
29295.7844036061, 0.0946054000662277
29295.7854478598, 0
29295.7864918303, 0
29295.7875354252, 0
29295.7885785855, 0
29295.7896212531, 0
29295.7906633748, 0
29295.7917049452, 0
29295.7927459636, 0
29295.7937864854, 0
29295.7948265543, 0
29295.7958662443, 0
29295.7969056115, 0
29295.7979447592, 0
29295.7989837825, 0
29295.8000227638, 0
29295.8010618009, 0
29295.8021009992, 0
29295.8031404416, 0
29295.8041802088, 0
29295.8052203653, 0
29295.8062609425, 0
29295.8073019614, 0
29295.8083434334, 0
29295.8093853517, 0
29295.8104277395, 0
29295.8114705199, 0.094603580823867
29295.8125136132, 0.0946043779791013
29295.8135569453, 0.094605186982807
29295.8146004103, 0.0946059984249988
29295.8156439018, 0.0946068028632502
29295.8166873472, 0.0946075909547147
29295.8177306324, 0.0946083535024031
29295.8187736856, 0.0946090816206383
29295.8198164202, 0.0946097667909876
29295.8208587982, 0.0946104009976282
29295.8219007766, 0.0946109767760887
29295.8229423386, 0.0946114873107936
29295.8239834726, 0.094611926493805
29295.8250242449, 0.0946122890119588
29295.8260646997, 0.0946125703511217
29295.827104869, 0.0946127668537919
29295.8281448351, 0.0946128757666268
29295.8291846778, 0.0946128952493378
29295.8302244865, 0.0946128243930549
29295.8312643334, 0.0946126632304722
29295.8323043117, 0.094612412731462
29295.8333445047, 0.0946120747948141
29295.8343849761, 0.0946116522363444
29295.8354257958, 0.0946111487535603
29295.8364670323, 0.0946105688886288
29295.8375087073, 0.0946099180116133
29295.8385507976, 0.094609202278119
29295.8395933689, 0.094608428473325
29295.8406364197, 0.0946076040447594
29295.8416799039, 0.094606737021478
29295.8427237746, 0.0946058358987675
29295.8437679496, 0.0946049095773047
29295.8448123413, 0.0946039672437337
29295.8458568568, 0.0946030182691605
29295.8469013788, 0.094602072124083
29295.8479458134, 0.0946011382292516
29295.8489900542, 0
29295.8500339883, 0
29295.8510775438, 0
29295.8521206431, 0
29295.8531632315, 0
29295.8542052835, 0
29295.8552467761, 0
29295.8562877337, 0
29295.8573281949, 0
29295.8583682128, 0
29295.8594078481, 0
29295.8604471919, 0
29295.8614863136, 0
29295.8625253119, 0
29295.8635642861, 0
29295.8646033321, 0
29295.8656425465, 0
29295.8666820209, 0
29295.8677218202, 0
29295.8687620124, 0
29295.8698026293, 0
29295.8708436959, 0
29295.871885225, 0
29295.8729271806, 0
29295.873969611, 0
29295.8750124282, 0.0945994958341541
29295.876055555, 0.0946002945584367
29295.8770988998, 0.0946011041555629
29295.8781423609, 0.0946019152113357
29295.8791858567, 0.0946027183060463
29295.8802292756, 0.0946035040814378
29295.8812725245, 0.0946042633819233
29295.8823155333, 0.094604987358472
29295.883358219, 0.0946056675404858
29295.8844005399, 0.0946062959639419
29295.8854424607, 0.0946068652317722
29295.8864839533, 0.0946073685935158
29295.8875250278, 0.0946078000288233
29295.8885657537, 0.0946081543061312
29295.8896061543, 0.0946084269917231
29295.8906462967, 0.0946086145273959
29295.8916862299, 0.0946087142465467
29295.8927260415, 0.0946087244078729
29295.8937658281, 0.0946086442000583
29295.8948056469, 0.0946084737558041
29295.8958456092, 0.0946082141394697
29295.8968857821, 0.0946078673494023
29295.8979262497, 0.0946074362869842
29295.8989670821, 0.0946069247358626
29295.9000083161, 0.094606337339164
29295.901049998, 0.0946056795338535
29295.9020920955, 0.0946049575543301
29295.9031346891, 0.0946041782407186
29295.9041777523, 0.0946033491174185
29295.9052212466, 0.0946024782588574
29295.9062651304, 0.0946015741971113
29295.9073093127, 0.0946006458724242
29295.9083537045, 0.0945997024947831
29295.9093982129, 0.0945987534470755
29295.9104427182, 0.0945978082030777
29295.9114871075, 0.0945968761906006
29295.9125312878, 0
29295.9135751618, 0
29295.9146186432, 0
29295.915661667, 0
29295.9167041722, 0
29295.9177461356, 0
29295.9187875465, 0
29295.919828413, 0
29295.9208687955, 0
29295.9219087499, 0
29295.9229483303, 0
29295.9239876134, 0
29295.9250266878, 0
29295.9260656566, 0
29295.9271046135, 0
29295.9281436621, 0
29295.9291828708, 0
29295.9302223503, 0
29295.9312621767, 0
29295.9323023968, 0
29295.9333430499, 0
29295.9343841634, 0
29295.9354257373, 0
29295.9364677444, 0
29295.9375102273, 0.0814167140303098
29295.9385530897, 0.0945954102814565
29295.9395962351, 0.0945962104480964
29295.9406395924, 0.0945970205237829
29295.9416830657, 0.0945978310930094
29295.9427265675, 0.0945986327366375
29295.9437699797, 0.0945994161069056
29295.944813226, 0.094600172086659
29295.9458562187, 0.0946008918499982
29295.9468988845, 0.0946015669790525
29295.9479411859, 0.0946021895671556
29295.9489830792, 0.0946027522753913
29295.9500245566, 0.0946032484342307
29295.9510656243, 0.0946036720965072
29295.952106331, 0.0946040181052114
29295.9531467174, 0.094604282121474
29295.9541868499, 0.0946044606776943
29295.9552267843, 0.0946045512018985
29295.9562665943, 0.0946045520476257
29295.9573063754, 0.0946044625027156
29295.9583461921, 0.0946042827981021
29295.959386149, 0.0946040140968245
29295.9604263306, 0.0946036584873313
29295.9614668014, 0.0946032189698344
29295.9625076432, 0.0946026994123247
29295.9635488912, 0.0946021045425096
29295.9645905766, 0.0946014398858903
29295.9656326902, 0.0946007117350101
29295.966675278, 0.0945999270199537
29295.967718358, 0.0945990932893873
29295.9687618678, 0.0945982186847564
29295.9698057623, 0.0945973117816274
29295.9708499393, 0.0945963815614573
29295.9718943222, 0.0945954372444122
29295.9729387924, 0.0945944882473526
29295.9739832488, 0.094593544026439
29295.9750275904, 0.0945926139879897
29295.9760717057, 0
29295.9771154989, 0
29295.9781589029, 0
29295.9792018375, 0
29295.9802442488, 0
29295.9812861121, 0
29295.982327429, 0
29295.9833682131, 0
29295.9844085201, 0
29295.9854483929, 0
29295.9864879075, 0
29295.9875271299, 0
29295.9885661634, 0
29295.9896051008, 0
29295.9906440356, 0
29295.9916830649, 0
29295.9927222913, 0
29295.9937617874, 0
29295.9948016393, 0
29295.9958418986, 0
29295.9968826091, 0
29295.9979237784, 0
29295.9989654029, 0
29296.0000074736, 0
29296.0010500072, 0.0945905409125117
29296.0020929267, 0.094591324197402
29296.0031361313, 0.0945921257322073
29296.0041795301, 0.0945929362035366
29296.0052230359, 0.094593746197427
29296.0062665497, 0.0945945462915587
29296.0073099709, 0.0945953271682628
29296.0083532083, 0.0945960797265575
29296.0093962049, 0.0945967951995774
29296.0104388741, 0.094597465205839
29296.0114811652, 0.0945980818860477
29296.012523055, 0.0945986379775674
29296.0135645295, 0.0945991268778339
29296.014605595, 0.0945995427172528
29296.0156463046, 0.0945998804233478
29296.0166867139, 0.094600135747476
29296.0177268483, 0.0946003053045214
29296.0187667972, 0.0946003866245125
29296.0198066247, 0.0946003781558697
29296.0208464204, 0.0946002792849706
29296.0218862652, 0.0946000903387359
29296.0229262575, 0.0945998125761927
29296.0239664724, 0.0945994481834946
29296.0250069862, 0.0945990002488402
29296.0260478674, 0.094598472734134
29296.027089165, 0.0945978704437723
29296.0281309087, 0.094597198980766
29296.0291730752, 0.094596464719038
29296.0302157343, 0.0945956746355233
29296.031258856, 0.0945948363733287
29296.0323024008, 0.0945939581066236
29296.0333463137, 0.0945930484597843
29296.0343905055, 0.0945921164336223
29296.0354348866, 0.0945911712799554
29296.0364793411, 0.0945902224227969
29296.0375237838, 0.0945892793027054
29296.0385680937, 0.0945883513321732
29296.0396121729, 0
29296.0406559185, 0
29296.0416992611, 0
29296.0427421224, 0
29296.0437844675, 0
29296.0448262606, 0
29296.0458674864, 0
29296.0469081893, 0
29296.04794841, 0
29296.04898821, 0
29296.0500276408, 0
29296.0510668047, 0
29296.0521057815, 0
29296.0531446667, 0
29296.0541835711, 0
29296.0552225871, 0
29296.0562618146, 0
29296.0573013276, 0
29296.0583412071, 0
29296.0593815085, 0
29296.0604222681, 0
29296.0614634864, 0
29296.0625051641, 0
29296.063547324, 0
29296.0645899082, 0.0945864522747066
29296.0656328506, 0.0945872377587476
29296.066676074, 0.0945880405422589
29296.0677194839, 0.0945888512949963
29296.0687630045, 0.0945896606079681
29296.0698065193, 0.0945904590523456
29296.070849935, 0.0945912373339276
29296.071893182, 0.094591986395178
29296.0729361748, 0.0945926974863343
29296.0739788307, 0.0945933622769203
29296.0750211167, 0.0945939729752407
29296.0760629952, 0.0945945223743157
29296.0771044477, 0.0945950039425201
29296.078145496, 0.0945954118967605
29296.0791861885, 0.0945957412462295
29296.0802265713, 0.0945959878296635
29296.0812667061, 0.0945961483619719
29296.0823066503, 0.0945962204617004
29296.0833464938, 0.0945962026755181
29296.0843863088, 0.0945960944862943
29296.0854262058, 0.0945958963125234
29296.0864662601, 0.0945956095103134
29296.0875065506, 0.0945952363580878
29296.0885471597, 0.0945947800309734
29296.0895881242, 0.0945942445929253
29296.0906295095, 0.0945936349249234
29296.0916713451, 0.094592956707568
29296.0927136043, 0.0945922163885031
29296.0937563436, 0.0945914210190529
29296.0947995457, 0.0945905782902776
29296.0958431621, 0.0945896964320268
29296.0968871127, 0.0945887841306144
29296.0979313379, 0.0945878503916202
29296.0989757288, 0.0945869045030503
29296.1000201958, 0.0945859558738965
29296.10106463, 0.0945850139639339
29296.1021089278, 0.09458408815652
29296.1031529787, 0
29296.1041966931, 0
29296.105239992, 0
29296.1062828136, 0
29296.1073251097, 0
29296.1083668392, 0
29296.1094079951, 0
29296.1104486306, 0
29296.1114887789, 0
29296.1125285049, 0
29296.11356787, 0
29296.1146069769, 0
29296.1156459226, 0
29296.1166847859, 0
29296.1177236901, 0
29296.1187627195, 0
29296.1198019634, 0
29296.1208415126, 0
29296.1218814338, 0
29296.1229217737, 0
29296.1239625637, 0
29296.1250038134, 0
29296.1260455212, 0
29296.1270877148, 0
29296.1281303107, 0.0945823633176499
29296.1291732609, 0.0945831509020691
29296.1302164954, 0.0945839548381366
29296.1312599065, 0.0945847657720036
29296.1323034163, 0.0945855742907168
29296.1333469229, 0.094586370984906
29296.1343903335, 0.0945871465792332
29296.1354335522, 0.0945878920264489
29296.1364765201, 0.0945885986355554
29296.1375191571, 0.0945892581260394
29296.1385614164, 0.0945898627544727
29296.139603257, 0.0945904053789749
29296.1406446861, 0.0945908795538356
29296.1416856989, 0.0945912795626985
29296.1427263585, 0.0945916005064359
29296.143766703, 0.0945918383116467
29296.144806812, 0.0945919897903722
29296.145846742, 0.094592052655076
29296.1468865881, 0.0945920255478456
29296.1479264255, 0.0945919080465627
29296.1489663575, 0.0945917006656789
29296.1500064614, 0.0945914048558248
29296.1510468175, 0.0945910229873659
29296.1520875008, 0.0945905583277462
29296.1531285832, 0.0945900150082027
29296.154170076, 0.0945893980177842
29296.1552120205, 0.0945887131092031
29296.1562543889, 0.09458796680188
29296.1572972297, 0.0945871662171897
29296.1583405029, 0.0945863191220181
29296.1593841789, 0.0945854337802567
29296.160428193, 0.0945845189032412
29296.1614724684, 0.0945835835397827
29296.1625168868, 0.0945826370051149
29296.1635613616, 0.0945816887130166
29296.1646057857, 0.0945807481182598
29296.1656500735, 0.0945798245737857
29296.1666941163, 0
29296.1677378061, 0
29296.1687810606, 0
29296.1698238367, 0
29296.170866086, 0
29296.1719077507, 0
29296.1729488505, 0
29296.1739894251, 0
29296.1750295331, 0
29296.1760692089, 0
29296.1771085576, 0
29296.17814765, 0
29296.1791865705, 0
29296.1802254461, 0
29296.1812643653, 0
29296.1823034295, 0
29296.1833427174, 0
29296.1843823208, 0
29296.1854222907, 0
29296.1864626735, 0
29296.1875035039, 0
29296.1885447837, 0
29296.1895865185, 0
29296.1906287332, 0
29296.1916713625, 0.0945782738387166
29296.192714337, 0.0945790634306067
29296.1937575767, 0.0945798684075538
29296.1948009986, 0.0945806794227645
29296.1958445191, 0.0945814870574682
29296.196888039, 0.0945822819134428
29296.1979314538, 0.0945830547262414
29296.1989746723, 0.0945837964822259
29296.2000176299, 0.0945844985268518
29296.201060249, 0.094585152631333
29296.2021024902, 0.0945857511154215
29296.2031443116, 0.094586286902872
29296.2041857077, 0.0945867536159455
29296.2052267027, 0.0945871456311349
29296.206267331, 0.0945874581236344
29296.2073076626, 0.0945876871193354
29296.2083477555, 0.094587829517592
29296.2093876863, 0.0945878831289348
29296.2104275449, 0.0945878466900314
29296.2114674122, 0.0945877198743227
29296.212507374, 0.0945875032951541
29296.2135475275, 0.094587198494433
29296.2145879408, 0.0945868079381581
29296.2156286987, 0.0945863349794302
29296.2166698471, 0.0945857838481786
29296.217711419, 0.0945851596048621
29296.218753436, 0.0945844680901035
29296.2197958837, 0.0945837158850169
29296.220838789, 0.0945829101897156
29296.2218821379, 0.0945820588058312
29296.2229258713, 0.0945811700678771
29296.2239699225, 0.0945802527272967
29296.2250142085, 0.0945793158665247
29296.2260586446, 0.0945783687873837
29296.227103128, 0.0945774209245516
29296.2281475399, 0.0945764817386782
29296.2291917947, 0.0945755605670307
29296.2302357944, 0
29296.2312794342, 0
29296.2323226358, 0
29296.2333653482, 0
29296.2344075147, 0
29296.2354491206, 0
29296.2364901638, 0
29296.2375307025, 0
29296.2385707765, 0
29296.2396104577, 0
29296.2406498035, 0
29296.2416889164, 0
29296.242727876, 0
29296.2437667866, 0
29296.2448057543, 0
29296.2458448666, 0
29296.2468842106, 0
29296.2479238542, 0
29296.2489638709, 0
29296.2500042986, 0
29296.2510451801, 0
29296.2520865116, 0
29296.2531282854, 0
29296.2541705298, 0
29296.255213201, 0.0945741838141597
29296.2562562088, 0.0945749753105259
29296.2572994951, 0.0945757812490469
29296.2583429523, 0.0945765922531238
29296.2593865088, 0.0945773989126863
29296.2604300453, 0.0945781918244738
29296.2614734726, 0.0945789617565041
29296.262516706, 0.094579699731008
29296.2635596627, 0.0945803971215447
29296.2646022611, 0.0945810457487111
29296.265644476, 0.0945816380018194
29296.2666862849, 0.0945821668816605
29296.2677276576, 0.0945826260718082
29296.2687686261, 0.0945830100338586
29296.2698092499, 0.09458331403605
29296.270849577, 0.094583534185504
29296.2718896716, 0.0945836674762141
29296.2729296044, 0.0945837118137887
29296.2739694721, 0.0945836660324998
29296.2750093557, 0.0945835299029136
29296.2760493385, 0.0945833041357355
29296.2770895192, 0.0945829903682078
29296.2781299811, 0.0945825911532252
29296.2791707705, 0.094582109949573
29296.280211949, 0.0945815510696295
29296.2812535626, 0.0945809196479309
29296.2822956203, 0.0945802216079132
29296.2833381025, 0.0945794636043335
29296.2843810488, 0.094578652889721
29296.2854244299, 0.0945777973313602
29296.2864681997, 0.0945769052983138
29296.2875122705, 0.0945759855958827
29296.2885565725, 0.0945750473212278
29296.2896009968, 0.0945740998140246
29296.2906454563, 0.0945731524996708
29296.2916898485, 0.0945722148183675
29296.2927340502, 0.094571296124367
29296.293777979, 0
29296.294821543, 0
29296.2958646656, 0
29296.2969072976, 0
29296.2979493849, 0
29296.2989909258, 0
29296.300031918, 0
29296.3010724105, 0
29296.3021124535, 0
29296.303152102, 0
29296.3041914438, 0
29296.3052305509, 0
29296.3062695225, 0
29296.3073084612, 0
29296.3083474438, 0
29296.309386589, 0
29296.3104259619, 0
29296.3114656444, 0
29296.3125056939, 0
29296.3135461622, 0
29296.314587079, 0
29296.3156284473, 0
29296.3166702652, 0
29296.31771256, 0
29296.3187552629, 0.0945700932760675
29296.3197983169, 0.0945708865897289
29296.3208416356, 0.0945716933808059
29296.3218851248, 0.0945725042731166
29296.322928696, 0.094573309844186
29296.3239722491, 0.0945741007169358
29296.3250156796, 0.0945748676697586
29296.3260588979, 0.0945756017540979
29296.3271018352, 0.0945762943960547
29296.3281444208, 0.0945769374743148
29296.329186605, 0.0945775234231942
29296.330228372, 0.0945780453170872
29296.3312697094, 0.0945784969238689
29296.3323106452, 0.0945788727834151
29296.333351237, 0.0945791682491358
29296.3343915475, 0.0945793795213092
29296.3354316249, 0.094579503683293
29296.3364715487, 0.0945795387376859
29296.3375114072, 0.0945794836157524
29296.3385512906, 0.0945793381853763
29296.3395912926, 0.0945791032505989
29296.3406314914, 0.0945787805477994
29296.341671957, 0.0945783727304396
29296.3427127602, 0.0945778833395201
29296.3437539651, 0.0945773167702788
29296.3447955942, 0.0945766782515328
29296.3458376827, 0.0945759737658066
29296.3468801967, 0.0945752100450382
29296.3479231662, 0.0945743944100206
29296.3489665681, 0.0945735347769662
29296.3500103568, 0.0945726395583259
29296.3510544389, 0.0945717175992503
29296.352098746, 0.0945707780205955
29296.3531431747, 0.0945698301713364
29296.3541876213, 0.0945688834959527
29296.3552319707, 0.0945679474389309
29296.3562761342, 0.00236424558218215
29296.3573199992, 0
29296.3583634887, 0
29296.3594065313, 0
29296.3604490738, 0
29296.361491073, 0
29296.3625325053, 0
29296.363573409, 0
29296.3646138215, 0
29296.3656537958, 0
29296.3666933921, 0
29296.3677326756, 0
29296.3687717465, 0
29296.3698106853, 0
29296.370849593, 0
29296.3718885706, 0
29296.3729277046, 0
29296.3739670809, 0
29296.3750067769, 0
29296.3760468548, 0
29296.3770873467, 0
29296.3781282905, 0
29296.3791696825, 0
29296.3802115329, 0
29296.3812538556, 0
29296.3822965885, 0.0945660022451666
29296.3833396474, 0.094566797258104
29296.3843829797, 0.0945676048007174
29296.3854264616, 0.0945684154650343
29296.3864700165, 0.0945692198399624
29296.3875135414, 0.0945700085589077
29296.3885569432, 0.0945707724321252
29296.3896001378, 0.0945715025478962
29296.3906430332, 0.0945721903591131
29296.3916855636, 0.0945728278015545
29296.3927276894, 0.0945734073775654
29296.3937693944, 0.0945739222303352
29296.3948106687, 0.0945743662050275
29296.3958515592, 0.0945747339295054
29296.3968921083, 0.094575020836412
29296.3979323697, 0.0945752232153954
29296.398972415, 0.0945753382481187
29296.4000123194, 0.0945753640303353
29296.4010521662, 0.0945752995893234
29296.4020920486, 0.0945751448895952
29296.4031320542, 0.0945749008327236
29296.4041722682, 0.0945745692484622
29296.4052127592, 0.0945741528825468
29296.4062536018, 0.0945736553624913
29296.4072948371, 0.0945730811803859
29296.4083365118, 0.0945724356322247
29296.409378593, 0.0945717248211328
29296.4104211511, 0.0945709554758419
29296.4114641698, 0.094570135006556
29296.4125076168, 0.0945692713886706
29296.4135514307, 0.0945683730917362
29296.4145955467, 0.0945674489705454
29296.4156398821, 0.0945665081815
29296.4166843231, 0.0945655600967896
29296.417728757, 0.0945646141716959
29296.4187731093, 0.0945636798061568
29296.4198172405, 0
29296.4208610743, 0
29296.4219045286, 0
29296.4229475081, 0
29296.4239899622, 0
29296.4250318764, 0
29296.4260732299, 0
29296.4271140417, 0
29296.428154357, 0
29296.4291942371, 0
29296.4302337485, 0
29296.431272968, 0
29296.4323119666, 0
29296.4333508504, 0
29296.4343897357, 0
29296.4354286944, 0
29296.4364678223, 0
29296.4375072098, 0
29296.4385469148, 0
29296.4395870081, 0
29296.4406275241, 0
29296.4416684855, 0
29296.442709906, 0
29296.4437517527, 0
29296.4447940703, 0
29296.4458368048, 0.0945619106556148
29296.4468798583, 0.0945627072675734
29296.4479231699, 0.0945635154433118
29296.4489666315, 0.0945643257793689
29296.4500101518, 0.0945651288564891
29296.4510536483, 0.0945659153372601
29296.4520970052, 0.0945666760392772
29296.453140141, 0.0945674020877286
29296.4541829853, 0.0945680849949371
29296.4552254588, 0.0945687167405813
29296.4562675315, 0.0945692898942215
29296.4573091689, 0.0945697976592067
29296.4583503785, 0.0945702339665959
29296.4593912072, 0.094570593525963
29296.4604317055, 0.0945708718587426
29296.46147192, 0.0945710653429137
29296.4625119275, 0.0945711712547626
29296.4635518066, 0.0945711877853285
29296.4645916534, 0.0945711140561535
29296.4656315397, 0.0945709501287209
29296.4666715625, 0.0945706969994178
29296.467711806, 0.0945703565918019
29296.4687523481, 0.0945699317386149
29296.469793241, 0.0945694261644419
29296.4708345409, 0.094568844438668
29296.4718762787, 0.0945681919450333
29296.4729184312, 0.0945674748544855
29296.4739610562, 0.0945666999707186
29296.4750041427, 0.0945658747597227
29296.4760476586, 0.0945650072473424
29296.4770915418, 0.0945641059459335
29296.4781357098, 0.0945631797584227
29296.4791800737, 0.0945622378705927
29296.4802245321, 0.0945612896559264
29296.4812689942, 0.0945603445514287
29296.4823133365, 0.0945594119920907
29296.4833574557, 0
29296.4844012658, 0
29296.4854446633, 0
29296.48648759, 0
29296.4875299857, 0
29296.4885718329, 0
29296.4896131149, 0
29296.4906538532, 0
29296.491694102, 0
29296.4927339124, 0
29296.4937733667, 0
29296.4948125246, 0
29296.495851499, 0
29296.4968903793, 0
29296.4979292461, 0
29296.4989682016, 0
29296.5000073393, 0
29296.5004286387, 0

