(DefaultSC.A1ModJulian) vs (DefaultSC.SolarPowerSystem1.TotalPowerAvailable)
DefaultSC.A1ModJulian   DefaultSC.SolarPowerSystem1.TotalPowerAvailable
DefaultSC.SolarPowerSystem1.TotalPowerAvailable
29294.5004286387, 0.0947000938740166
29294.5011230831, 0.094699870043845
29294.5021772515, 0.0946994640406133
29294.5032817537, 0.0946989562119232
29294.5043923547, 0.0946983651154216
29294.5055040639, 0.0946976981628618
29294.5066163353, 0.0946969618644462
29294.5077291222, 0.0946961632381609
29294.5088424022, 0.0946953099610651
29294.5099561397, 0.0946944103115998
29294.5110702896, 0.0946934730802155
29294.5121847816, 0.0946925074903567
29294.5132995254, 0.0946915230962885
29294.5144144424, 0.0946905296523126
29294.5155294244, 0.0946895370419232
29294.5166443754, 0.0946885551320179
29294.5177591787, 0.0946875936923896
29294.518873737, 0.0946866622513742
29294.5199879739, 0
29294.5211017911, 0
29294.5222151386, 0
29294.5233279756, 0
29294.5244402776, 0
29294.5255520537, 0
29294.5266633333, 0
29294.5277741427, 0
29294.5288845479, 0
29294.5299946156, 0
29294.5311044619, 0
29294.5322141456, 0
29294.533323785, 0
29294.5344334676, 0
29294.5355432859, 0
29294.5366533232, 0
29294.5377636719, 0
29294.5388743799, 0
29294.5399854907, 0
29294.54109704, 0
29294.54220903, 0
29294.5433214589, 0
29294.5444342853, 0.0946856122793439
29294.5455474781, 0.0946864199002951
29294.546660972, 0.0946872506351568
29294.5477747017, 0.0946880948390131
29294.5488885725, 0.094688942692263
29294.5500024908, 0.0946897843309427
29294.5511163688, 0.0946906099597826
29294.5522301164, 0.0946914099543842
29294.5533436337, 0.0946921749632549
29294.5544568573, 0.0946928960430714
29294.5555697185, 0.0946935647268346
29294.5566821753, 0.0946941731354374
29294.5577942032, 0.0946947140535999
29294.5589057892, 0.0946951810009669
29294.5600169645, 0.0946955683095783
29294.561127757, 0.094695871157558
29294.5622382145, 0.094696085625396
29294.5633484108, 0.094696208729966
29294.5644584354, 0.0946962384449792
29294.5655683688, 0.0946961737173671
29294.5666783119, 0.0946960144760118
29294.5677883796, 0.0946957616247624
29294.5688986574, 0.0946954170420297
29294.5700092343, 0.0946949835585366
29294.5711201685, 0.0946944649436148
29294.5722315486, 0.0946938658418763
29294.5733433989, 0.0946931917746903
29294.5744557473, 0.0946924490564919
29294.575568613, 0.094691644735977
29294.5766819575, 0.0946907865637717
29294.5777957678, 0.0946898828539297
29294.5789099842, 0.0946889424520776
29294.5800245216, 0.0946879746294392
29294.5811393049, 0.0946869889525675
29294.5822542462, 0.094685995198262
29294.5833692301, 0.09468500326046
29294.584484163, 0.0946840229968074
29294.5855989418, 0.0946830641468861
29294.586713453, 0.0157311449811211
29294.5878276368, 0
29294.5889414043, 0
29294.590054702, 0
29294.5911674848, 0
29294.592279744, 0
29294.5933914839, 0
29294.5945027179, 0
29294.5956134958, 0
29294.5967238711, 0
29294.5978339132, 0
29294.5989437125, 0
29294.6000533743, 0
29294.6011629775, 0
29294.6022726462, 0
29294.6033824528, 0
29294.6044924913, 0
29294.6056028467, 0
29294.6067135722, 0
29294.6078247204, 0
29294.608936316, 0
29294.6100483644, 0
29294.6111608517, 0
29294.6122737467, 0.0946812537208544
29294.6133870024, 0.0946820639784051
29294.6145005502, 0.094682896407878
29294.6156143154, 0.0946837413378211
29294.616728212, 0.0946845889460837
29294.61784214, 0.0946854293661646
29294.6189560209, 0.0946862528224617
29294.6200697557, 0.0946870497078011
29294.6211832714, 0.0946878107229779
29294.6222964753, 0.0946885269482122
29294.6234093222, 0.0946891899843966
29294.6245217701, 0.0946897920125791
29294.6256337944, 0.0946903258850916
29294.6267453812, 0.094690785196026
29294.6278565478, 0.0946911643541004
29294.6289673394, 0.0946914586308334
29294.6300778098, 0.0946916641973175
29294.6311880246, 0.0946917781613114
29294.63229806, 0.0946917985923824
29294.6334080148, 0.094691724535919
29294.6345179834, 0.094691556018016
29294.6356280705, 0.0946912940423414
29294.6367383798, 0.0946909405787547
29294.6378489758, 0.0946904985596942
29294.6389599553, 0.0946899718280053
29294.6400713771, 0.0946893651255765
29294.6411832854, 0.094688684042495
29294.6422956943, 0.0946879349741281
29294.6434086208, 0.0946871250381304
29294.6445220252, 0.0946862620461259
29294.6456358896, 0.094685354367627
29294.6467501422, 0.094684410902364
29294.647864714, 0.094683440941619
29294.6489795126, 0.0946824540908679
29294.6500944567, 0.0946814601346008
29294.6512094345, 0.0946804689663251
29294.6523243523, 0.0946794904355389
29294.653439097, 0.0946785342719031
29294.6545535793, 0
29294.6556677174, 0
29294.6567814409, 0
29294.6578946892, 0
29294.6590074323, 0
29294.660119648, 0
29294.6612313365, 0
29294.662342531, 0
29294.6634532748, 0
29294.6645636053, 0
29294.6656736192, 0
29294.6667833903, 0
29294.667893023, 0
29294.6690026197, 0
29294.6701122642, 0
29294.6712220685, 0
29294.6723321183, 0
29294.6734424935, 0
29294.6745532553, 0
29294.6756644466, 0
29294.6767760947, 0
29294.677888204, 0
29294.6790007571, 0.0309065849780853
29294.6801137136, 0.0946768948687333
29294.6812270316, 0.0946777076672904
29294.682340635, 0.0946785416949478
29294.6834544403, 0.0946793872552244
29294.6845683686, 0.0946802345239071
29294.6856823173, 0.0946810736354866
29294.6867961935, 0.0946818948177166
29294.6879099241, 0.0946826885070643
29294.6890234129, 0.0946834454230177
29294.6901365968, 0.0946841567103895
29294.6912494222, 0.0946848140175881
29294.6923618433, 0.0946854095854332
29294.6934738405, 0.0946859363389741
29294.6945854154, 0.0946863879548709
29294.6956965893, 0.0946867589225513
29294.6968073768, 0.0946870445903186
29294.6979178547, 0.0946872412273251
29294.6990280931, 0.0946873460341791
29294.7001381573, 0.0946873571744136
29294.70124815, 0.0946872737903641
29294.7023581809, 0.0946870960016975
29294.703468337, 0.094686824909083
29294.7045787049, 0.0946864625834292
29294.7056893847, 0.0946860120377752
29294.7068004437, 0.0946854772145584
29294.7079119479, 0.0946848629381094
29294.7090239307, 0.0946841748854112
29294.7101364094, 0.0946834195252347
29294.7112494012, 0.094682604042933
29294.7123628659, 0.0946817363105003
29294.7134767757, 0.0946808247573977
29294.7145910771, 0.0946798783106348
29294.715705682, 0.0946789063106429
29294.7168204997, 0.0946779183843551
29294.717935435, 0.0946769243409517
29294.7190504096, 0.0946759340452719
29294.7201653201, 0.0946749573461321
29294.7212800566, 0.0946740039507258
29294.7223945175, 0
29294.7235086243, 0
29294.7246223099, 0
29294.725735524, 0
29294.7268482252, 0
29294.7279604076, 0
29294.7290720523, 0
29294.7301831956, 0
29294.7312938927, 0
29294.7324041897, 0
29294.7335141712, 0
29294.7346239248, 0
29294.7357335326, 0
29294.7368431189, 0
29294.7379527733, 0
29294.7390625979, 0
29294.7401726642, 0
29294.7412830729, 0
29294.7423938769, 0
29294.7435051083, 0
29294.7446168057, 0
29294.7457289706, 0
29294.7468415737, 0.0946717502187942
29294.7479545882, 0.0946725357020838
29294.7490679579, 0.0946733509499927
29294.7501816009, 0.0946741864777089
29294.7512954409, 0.094675032577123
29294.7524093873, 0.0946758794083195
29294.7535233473, 0.094676717117379
29294.7546372267, 0.0946775359458164
29294.7557509285, 0.0946783263384732
29294.7568643785, 0.0946790790672784
29294.7579775132, 0.0946797853226817
29294.7590902779, 0.0946804368078433
29294.760202637, 0.0946810258332808
29294.7613145738, 0.0946815453959767
29294.7624261017, 0.0946819892541905
29294.7635372256, 0.0946823519733381
29294.7646479886, 0.0946826289974239
29294.765758459, 0.0946828166813232
29294.7668687042, 0.0946829123174277
29294.7679787935, 0.0946829141638833
29294.7690888394, 0.094682821456311
29294.770198924, 0.0946826344122632
29294.7713091392, 0.0946823542293586
29294.7724195804, 0.0946819830703983
29294.7735303427, 0.0946815240407635
29294.7746414778, 0.0946809811790355
29294.7757530606, 0.0946803593909414
29294.77686512, 0.0946796644356656
29294.7779776662, 0.0946789028612317
29294.7790907077, 0.0946780819272126
29294.7802042387, 0.0946772095390748
29294.7813182037, 0.0946762941976294
29294.7824325453, 0.0946753448752651
29294.7835471931, 0.0946743709292668
29294.7846620492, 0.0946733820140302
29294.7857770347, 0.0946723879354691
29294.7868920336, 0.0946713985924504
29294.7880069504, 0.0946704238164484
29294.7891216778, 0.0946694732908433
29294.7902361245, 0
29294.791350217, 0
29294.792463876, 0
29294.793577059, 0
29294.794689725, 0
29294.7958018672, 0
29294.7969134792, 0
29294.7980245887, 0
29294.7991352442, 0
29294.8002455138, 0
29294.8013554737, 0
29294.8024652062, 0
29294.8035748171, 0
29294.8046844059, 0
29294.8057940735, 0
29294.8069039158, 0
29294.8080140236, 0
29294.8091244732, 0
29294.8102353196, 0
29294.8113466065, 0
29294.8124583601, 0
29294.8135705652, 0
29294.8146832163, 0.0946673876221535
29294.8157962602, 0.0946681763771595
29294.8169096543, 0.0946689939747431
29294.8180233184, 0.0946698309050563
29294.8191371666, 0.09467067743679
29294.8202511143, 0.094671523729446
29294.8213650625, 0.0946723599294813
29294.8224789109, 0.0946731762902725
29294.8235925707, 0.0946739632897348
29294.8247059697, 0.0946747117383475
29294.8258190334, 0.0946754128666347
29294.8269317304, 0.0946760584485541
29294.8280440186, 0.0946766408542006
29294.8291558742, 0.0946771531493759
29294.8302673134, 0.0946775891735128
29294.8313783616, 0.0946779435839219
29294.8324890671, 0.0946782119122365
29294.8335994995, 0.0946783906023938
29294.8347097042, 0.0946784770376481
29294.8358197709, 0.0946784695743001
29294.8369297995, 0.0946783675442871
29294.838039883, 0.0946781712608419
29294.8391501236, 0.0946778820125449
29294.840260595, 0.0946775020602107
29294.8413713847, 0.0946770346048114
29294.8424825668, 0.0946764837631093
29294.8435941822, 0.094675854541761
29294.8447062718, 0.0946751527741075
29294.8458188652, 0.0946743850671964
29294.8469319505, 0.0946735587591601
29294.8480455076, 0.0946726818250917
29294.8491594946, 0.0946717628053958
29294.8502738662, 0.0946708107020689
29294.8513885415, 0.0946698349110825
29294.8525034222, 0.0946688451075426
29294.8536184147, 0.0946678511201755
29294.8547334224, 0.09466686283007
29294.8558483469, 0.0946658900600834
29294.8569630642, 0.0946649424861325
29294.8580774828, 0
29294.8591915312, 0
29294.8603051423, 0
29294.8614182664, 0
29294.8625308588, 0
29294.8636429254, 0
29294.8647544715, 0
29294.8658655206, 0
29294.8669761217, 0
29294.868086333, 0
29294.8691962514, 0
29294.8703059556, 0
29294.8714155642, 0
29294.8725251549, 0
29294.8736348296, 0
29294.8747446838, 0
29294.8758548058, 0
29294.8769652744, 0
29294.8780761523, 0
29294.8791874688, 0
29294.8802992428, 0
29294.881411484, 0
29294.8825241749, 0.0946630246916143
29294.8836372655, 0.0946638166303749
29294.8847506863, 0.0946646364777143
29294.8858643722, 0.0946654747091128
29294.8869782341, 0.0946663215762327
29294.8880921822, 0.0946671672298848
29294.8892061088, 0.0946680018168172
29294.8903199269, 0.0946688156179371
29294.8914335542, 0.0946695991435463
29294.8925469173, 0.0946703432404451
29294.8936599408, 0.0946710391857623
29294.8947725805, 0.0946716788022607
29294.8958848068, 0.09467225453311
29294.8969966128, 0.0946727595238495
29294.8981079871, 0.0946731876800255
29294.8992189856, 0.0946735337549783
29294.9003296418, 0.0946737933630319
29294.9014400138, 0.0946739630397085
29294.9025501832, 0.0946740402682448
29294.9036602267, 0.0946740234971159
29294.9047702352, 0.0946739121550799
29294.9058803003, 0.0946737066534981
29294.9069905273, 0.0946734083770778
29294.9081009817, 0.094673019684256
29294.9092117605, 0.094672543864892
29294.9103229273, 0.0946719851286062
29294.9114345408, 0.094671348556008
29294.912546643, 0.0946706400551793
29294.9136592549, 0.0946698663084162
29294.9147723546, 0.0946690347253852
29294.9158859298, 0.0946681533320032
29294.9169999506, 0.0946672307059446
29294.9181143373, 0.0946662759168058
29294.9192290163, 0.0946652983844923
29294.9203438975, 0.0946643077962505
29294.9214588782, 0.0946633139979912
29294.9225738559, 0.0946623268737778
29294.9236887401, 0.0946613562268379
29294.9248033976, 0.0946604117175878
29294.9259177593, 0
29294.9270317547, 0
29294.9281452956, 0
29294.9292583384, 0
29294.9303708538, 0
29294.9314828362, 0
29294.9325943052, 0
29294.9337052893, 0
29294.9348158244, 0
29294.9359259849, 0
29294.9370358495, 0
29294.938145526, 0
29294.9392550972, 0
29294.9403646521, 0
29294.9414743174, 0
29294.9425841664, 0
29294.9436943027, 0
29294.9448048037, 0
29294.9459157226, 0
29294.9470270868, 0
29294.9481389132, 0
29294.9492512164, 0
29294.9503639569, 0.0946586614971585
29294.9514770897, 0.0946594565113478
29294.9525905649, 0.094660278521252
29294.9537042821, 0.0946611179523184
29294.9548181688, 0.0946619650542856
29294.9559321294, 0.0946628099706759
29294.9570460689, 0.0946636428653048
29294.9581598909, 0.0946644540298318
29294.9592735136, 0.0946652340034674
29294.9603868666, 0.0946659736737676
29294.961499879, 0.0946666643683698
29294.9626125079, 0.0946672979673528
29294.9637247154, 0.0946678669741463
29294.9648364943, 0.0946683646077429
29294.9659478652, 0.0946687848652685
29294.9670588473, 0.0946691225691436
29294.9681694942, 0.094669373429687
29294.9692798726, 0.0946695340745542
29294.97039004, 0.0946696020781681
29294.9715000731, 0.0946695759887563
29294.9726100714, 0.0946694553343289
29294.9737201308, 0.0946692406234492
29294.9748303534, 0.0946689333378229
29294.9759408158, 0.0946685359264384
29294.9770515901, 0.0946680517799776
29294.9781627584, 0.0946674851889581
29294.9792743898, 0.094666841309401
29294.9803865041, 0.0946661261386846
29294.9814991213, 0.0946653464319262
29294.9826122469, 0.0946645096420884
29294.9837258422, 0.0946636238694499
29294.984839869, 0.0946626977463466
29294.9859542665, 0.0946617403647745
29294.9870689373, 0.09466076119363
29294.9881838104, 0.0946597699215084
29294.9892987787, 0.0946587764057165
29294.9904137272, 0.0946577905388763
29294.9915285524, 0.0946568221214479
29294.9926431702, 0.0946558807470926
29294.9937574767, 0
29294.9948714059, 0
29294.9959848575, 0
29294.9970978187, 0
29294.9982102571, 0
29294.9993221597, 0
29295.0004335366, 0
29295.0015444329, 0
29295.0026548999, 0
29295.0037649939, 0
29295.0048747956, 0
29295.0059844051, 0
29295.0070939261, 0
29295.0082034541, 0
29295.0093130938, 0
29295.0104229555, 0
29295.0115331146, 0
29295.0126436454, 0
29295.0137545994, 0
29295.0148660055, 0
29295.0159778916, 0
29295.0170902512, 0
29295.0182030498, 0.0946542980366786
29295.019316233, 0.0946550960381999
29295.0204297364, 0.0946559200947574
29295.0215434993, 0.0946567606381954
29295.0226574147, 0.0946576078798976
29295.0237714013, 0.0946584519717482
29295.0248853586, 0.0946592830818612
29295.0259991909, 0.0946600915214454
29295.0271128073, 0.0946608678530722
29295.0282261434, 0.0946616030087961
29295.0293391445, 0.0946622883760489
29295.0304517556, 0.0946629158847022
29295.0315639461, 0.0946634781085721
29295.0326757233, 0.0946639683451268
29295.0337870914, 0.0946643806619963
29295.034898078, 0.0946647099689696
29295.0360087343, 0.0946649520635714
29295.0371191122, 0.0946651036640744
29295.0382292928, 0.0946651624438597
29295.0393393468, 0.094665127046063
29295.0404493757, 0.094664997095009
29295.0415594649, 0.0946647731978509
29295.0426697233, 0.0946644569314582
29295.0437802283, 0.0946640508381497
29295.0448910641, 0.0946635583932513
29295.046002294, 0.0946629839812451
29295.0471139787, 0.0946623328461323
29295.0482261615, 0.0946616110481445
29295.0493388406, 0.0946608254261132
29295.0504520187, 0.0946599834992967
29295.0515656633, 0.094659093419163
29295.0526797275, 0.0946581638722344
29295.0537941529, 0.0946572039861451
29295.054908853, 0.094656223248106
29295.0560237263, 0.0946552313910968
29295.0571386859, 0.0946542382615913
29295.0582536216, 0.0946532537438283
29295.0593684433, 0.0946522876123664
29295.0604830384, 0.0946513494607864
29295.0615973062, 0
29295.062711184, 0
29295.063824588, 0
29295.0649374841, 0
29295.0660498539, 0
29295.0671616721, 0
29295.0682729774, 0
29295.0693837854, 0
29295.0704941653, 0
29295.0716041757, 0
29295.0727139187, 0
29295.0738234728, 0
29295.0749329487, 0
29295.0760424464, 0
29295.077152082, 0
29295.0782619341, 0
29295.0793721066, 0
29295.0804826649, 0
29295.0815936562, 0
29295.0827051173, 0
29295.0838170428, 0
29295.0849294348, 0
29295.0860422586, 0.0946499343511295
29295.0871554623, 0.0946507352388175
29295.0882689957, 0.0946515612610279
29295.0893827611, 0.094652402799787
29295.0904966916, 0.0946532500850289
29295.0916106717, 0.0946540932418038
29295.0927246223, 0.0946549224642116
29295.0938384479, 0.094655728083809
29295.094952061, 0.0946565006958056
29295.0960653912, 0.0946572312678619
29295.0971783888, 0.0946579112398786
29295.0982909977, 0.0946585325989135
29295.0994031805, 0.0946590879810868
29295.1005149456, 0.0946595707585911
29295.1016262943, 0.0946599750788762
29295.1027372509, 0.0946602959380765
29295.1038478774, 0.0946605292283206
29295.1049582321, 0.09466067176271
29295.1060683931, 0.0946607213098135
29295.1071784548, 0.0946606766086592
29295.1082885006, 0.094660537378875
29295.1093986317, 0.094660304320308
29295.1105089414, 0.0946599791062489
29295.1116195268, 0.0946595643638978
29295.1127304589, 0.094659063660183
29295.1138417959, 0.0946584814666203
29295.114953586, 0.0946578231156242
29295.1160658614, 0.0946570947520885
29295.1171786389, 0.0946563032732473
29295.1182919105, 0.0946554562684698
29295.1194056333, 0.0946545619528116
29295.1205197642, 0.0946536290568606
29295.1216342447, 0.0946526667457854
29295.1227489787, 0.0946516845422429
29295.123863881, 0.0946506921818507
29295.1249788609, 0.0946496995202353
29295.1260938062, 0.0946487164386357
29295.1272086236, 0.0946477526989515
29295.1283231985, 0.0946468178698936
29295.1294374424, 0
29295.1305512866, 0
29295.1316646463, 0
29295.1327774968, 0
29295.133889806, 0
29295.1350015667, 0
29295.1361128039, 0
29295.1372235544, 0
29295.138333867, 0
29295.1394438234, 0
29295.1405535139, 0
29295.1416630462, 0
29295.1427725141, 0
29295.1438820354, 0
29295.1449916841, 0
29295.1461015769, 0
29295.1472117908, 0
29295.1483223897, 0
29295.1494334142, 0
29295.1505449086, 0
29295.1516568784, 0
29295.1527692976, 0
29295.1538821403, 0.0946455704662874
29295.1549953618, 0.0946463741552158
29295.1561089044, 0.0946472020402632
29295.1572226882, 0.0946480444960787
29295.1583366114, 0.094648891715212
29295.1594505873, 0.0946497338449647
29295.1605645345, 0.0946505610881839
29295.1616783685, 0.0946513638054853
29295.16279197, 0.0946521326004771
29295.1639052886, 0.0946528584966744
29295.1650182618, 0.0946535329767611
29295.1661308337, 0.094654148088898
29295.1672429786, 0.0946546965441844
29295.1683546997, 0.0946551717872347
29295.1694660047, 0.0946555680497498
29295.1705769238, 0.0946558804156791
29295.1716875186, 0.0946561048665925
29295.1727978445, 0.0946562383085572
29295.1739079893, 0.0946562786066695
29295.1750180567, 0.0946562245947516
29295.1761281228, 0.0946560760876687
29295.1772382914, 0.0946558338798378
29295.17834865, 0.094655499739778
29295.1794592995, 0.0946550763853302
29295.1805703058, 0.0946545674739189
29295.1816817408, 0.0946539775544084
29295.1827936403, 0.0946533120441995
29295.1839060307, 0.0946525771662038
29295.1850189065, 0.0946517799029883
29295.1861322618, 0.0946509279066224
29295.1872460674, 0.0946500294362501
29295.1883602687, 0.094649093277086
29295.1894747992, 0.0946481286377863
29295.1905895647, 0.0946471450657997
29295.1917044823, 0.0946461523104014
29295.1928194796, 0.0946451602153968
29295.193934437, 0.0946441786630355
29295.1950492339, 0.0946432174220389
29295.1961637842, 0.094642286008853
29295.1972779934, 0
29295.1983917903, 0
29295.1995051091, 0
29295.2006179176, 0
29295.2017301704, 0
29295.2028418862, 0
29295.2039530758, 0
29295.2050637851, 0
29295.206174089, 0
29295.207284039, 0
29295.2083937427, 0
29295.2095032904, 0
29295.2106127891, 0
29295.2117223317, 0
29295.2128320362, 0
29295.2139419755, 0
29295.2150522377, 0
29295.2161628845, 0
29295.2172739665, 0
29295.2183855035, 0
29295.2194975105, 0
29295.2206099759, 0
29295.2217228536, 0.0946412062009003
29295.2228361042, 0.0946420125981522
29295.2239496685, 0.0946428422513374
29295.2250634794, 0.0946436855246528
29295.2261774193, 0.0946445325895124
29295.2272914187, 0.0946453736073108
29295.2284053841, 0.0946461987834458
29295.2295192285, 0.0946469984987235
29295.2306328405, 0.0946477633948189
29295.2317461605, 0.094648484531241
29295.2328591256, 0.0946491534424063
29295.2339716865, 0.0946497622410972
29295.235083815, 0.0946503037053383
29295.2361955046, 0.0946507713518763
29295.2373067773, 0.0946511595013893
29295.2384176731, 0.0946514633270833
29295.2395282389, 0.0946516788973066
29295.2406385593, 0.0946518032164087
29295.2417487117, 0.0946518342408422
29295.2428587855, 0.094651770900981
29295.2439688621, 0.0946516131102371
29295.245079063, 0.0946513617556775
29295.2461894755, 0.0946510186974228
29295.2473001673, 0.0946505867567115
29295.248411221, 0.0946500696763864
29295.2495226984, 0.0946494720965129
29295.250634643, 0.0946487995119263
29295.2517470808, 0.0946480582202423
29295.2528600111, 0.0946472552683984
29295.253973428, 0.0946463983677774
29295.2550872951, 0.0946454958353544
29295.2562015495, 0.0946445565071811
29295.2573161189, 0.094643589631825
29295.2584309254, 0.0946426047675959
29295.2595458663, 0.0946416116957098
29295.260660847, 0.0946406202837786
29295.2617757734, 0.0946396403838753
29295.2628905418, 0.0946386817319949
29295.2640050525, 0.0352297190140764
29295.265119216, 0
29295.2662329526, 0
29295.2673462167, 0
29295.2684589643, 0
29295.2695711734, 0
29295.2706828409, 0
29295.2717940035, 0
29295.2729046958, 0
29295.274014986, 0
29295.275124952, 0
29295.2762346677, 0
29295.2773442391, 0
29295.2784537684, 0
29295.2795633611, 0
29295.280673112, 0
29295.2817831015, 0
29295.2828933971, 0
29295.2840040843, 0
29295.2851151998, 0
29295.286226779, 0
29295.2873388194, 0
29295.2884513117, 0
29295.289564241, 0.094636841537345
29295.2906775399, 0.0946376505589369
29295.2917911465, 0.0946384818950981
29295.2929049824, 0.0946393258824355
29295.2940189711, 0.0946401727152198
29295.2951330051, 0.094641012527947
29295.2962469853, 0.0946418355345903
29295.29736082, 0.0946426321369434
29295.2984744308, 0.09464339303414
29295.299587755, 0.0946441093253553
29295.3007007, 0.0946447725791586
29295.3018132323, 0.0946453749807196
29295.302925346, 0.0946459093882358
29295.3040370157, 0.0946463693838812
29295.3051482755, 0.0946467493748549
29295.3062591567, 0.0946470446176844
29295.3073697163, 0.0946472512740248
29295.308480016, 0.0946473664393062
29295.3095901495, 0.094647388170403
29295.3107002123, 0.0946473154950435
29295.3118103079, 0.0946471484192158
29295.3129205195, 0.0946468879308649
29295.3140309352, 0.0946465359884522
29295.3151416528, 0.0946460954959131
29295.3162527408, 0.0946455702884284
29295.3173642544, 0.0946449650940719
29295.3184762402, 0.0946442854863529
29295.3195887073, 0.0946435378485531
29295.3207016709, 0.094642729285448
29295.3218151172, 0.0946418675741004
29295.3229290009, 0.0946409610909664
29295.3240432715, 0.0946400187051298
29295.3251578531, 0.0946390497014251
29295.3262726669, 0.0946380636620522
29295.3273876059, 0.0946370703849602
29295.3285025863, 0.0946360797309874
29295.3296174923, 0.0946351015632441
29295.3307322079, 0.0946341456089065
29295.3318466545, 0
29295.3329607396, 0
29295.3340743953, 0
29295.3351875754, 0
29295.3363002367, 0
29295.3374123557, 0
29295.3385239432, 0
29295.3396350487, 0
29295.3407456828, 0
29295.3418559195, 0
29295.342965844, 0
29295.3440755389, 0
29295.3451851093, 0
29295.3462946393, 0
29295.3474042378, 0
29295.3485139847, 0
29295.3496239869, 0
29295.350734307, 0
29295.3518450208, 0
29295.3529561678, 0
29295.3540677751, 0
29295.3551798424, 0
29295.356292373, 0.0133806596587601
29295.357405324, 0.0946324764593866
29295.3585186546, 0.0946332880075873
29295.3596322916, 0.0946341209314422
29295.3607461541, 0.0946349655478397
29295.3618601466, 0.0946358120290162
29295.3629741889, 0.0946366505334211
29295.3640881644, 0.0946374712757506
29295.3652019947, 0.0946382646916135
29295.3663155887, 0.0946390215054844
29295.3674288669, 0.0946397328511425
29295.3685417749, 0.0946403903757022
29295.369654266, 0.0946409863176579
29295.3707663247, 0.094641513600784
29295.3718779504, 0.0946419658957323
29295.3729891668, 0.0946423376864726
29295.3741000131, 0.0946426243188529
29295.375210544, 0.0946428220440153
29295.3763208271, 0.0946429280513996
29295.3774309622, 0.0946429404919623
29295.3785410281, 0.0946428584893716
29295.3796511262, 0.0946426821485655
29295.380761346, 0.0946424125542115
29295.38187178, 0.0946420517583501
29295.3829825244, 0.0946416027570434
29295.3840936341, 0.0946410694808352
29295.3852051754, 0.0946404567383379
29295.3863171955, 0.0946397701816124
29295.3874297071, 0.0946390162645021
29295.3885427109, 0.0946382021681349
29295.3896561815, 0.0946373357390109
29295.3907700932, 0.0946364253897423
29295.3918843882, 0.0946354800369942
29295.3929989983, 0.0946345089911839
29295.3941138155, 0.094633521882512
29295.3952287668, 0.094632528491071
29295.3963437389, 0.0946315387049594
29295.3974586259, 0.0946305623691208
29295.398573318, 0.0946296091855052
29295.3996877228, 0
29295.4008017688, 0
29295.4019153701, 0
29295.4030284751, 0
29295.4041410431, 0
29295.4052530777, 0
29295.4063645762, 0
29295.4074755742, 0
29295.4085861241, 0
29295.4096962849, 0
29295.4108061433, 0
29295.4119157806, 0
29295.4130252981, 0
29295.4141347928, 0
29295.4152443647, 0
29295.4163541048, 0
29295.4174641127, 0
29295.4185744486, 0
29295.4196851798, 0
29295.4207963433, 0
29295.421907965, 0
29295.4230200541, 0
29295.4241326019, 0.0946273270510002
29295.4252455654, 0.0946281111330879
29295.4263588934, 0.0946289251041097
29295.4274725232, 0.0946297595066806
29295.4285863688, 0.0946306046370692
29295.4297003417, 0.0946314506667824
29295.4308143499, 0.0946322877498193
29295.431928308, 0.0946331061389353
29295.4330421046, 0.0946338962706233
29295.4341556523, 0.0946346489082141
29295.4352688786, 0.0946353552360435
29295.4363817309, 0.0946360069569258
29295.437494152, 0.0946365963672106
29295.4386061403, 0.0946371164694689
29295.439717706, 0.0946375610156545
29295.4408288535, 0.09463792456523
29295.4419396372, 0.0946382025576685
29295.4430501069, 0.0946383913346638
29295.4441603545, 0.0946384881822879
29295.4452704508, 0.0946384913440157
29295.4463804973, 0.0946384000407417
29295.4474905951, 0.0946382144717058
29295.448600834, 0.0946379358151338
29295.4497113018, 0.0946375662165746
29295.4508220739, 0.0946371087715843
29295.4519332217, 0.0946365674936305
29295.453044823, 0.0946359472673465
29295.4541568997, 0.0946352538368351
29295.4552694751, 0.0946344937225615
29295.4563825378, 0.0946336741800636
29295.4574960713, 0.0946328031077989
29295.4586100416, 0.0946318889748298
29295.4597243924, 0.0946309407377872
29295.4608390503, 0.0946299677432351
29295.4619539191, 0.0946289796324579
29295.4630688981, 0.0946279862214919
29295.4641838935, 0.0946269973816554
29295.4652987817, 0.0946260229632021
29295.4664134787, 0.0946250726246306
29295.4675278671, 0
29295.46864187, 0
29295.4697554222, 0
29295.470868464, 0
29295.4719809709, 0
29295.4730929277, 0
29295.474204348, 0
29295.4753152708, 0
29295.4764257424, 0
29295.4775358339, 0
29295.4786456333, 0
29295.4797552268, 0
29295.4808647128, 0
29295.4819741992, 0
29295.4830837567, 0
29295.4841934941, 0
29295.4853035214, 0
29295.4864138765, 0
29295.487524626, 0
29295.4886358122, 0
29295.4897474607, 0
29295.4908595695, 0
29295.4919721247, 0.0946229581287475
29295.4930850971, 0.0946237454643898
29295.4941984197, 0.0946245617622737
29295.4953120514, 0.0946253975548653
29295.4964258871, 0.0946262431085395
29295.4975398383, 0.0946270885891619
29295.4986538235, 0.0946279241641555
29295.4997677367, 0.0946287400872754
29295.500881492, 0.0946295268405801
29295.5019949812, 0.0946302752099204
29295.5031081511, 0.0946309764394576
29295.5042209492, 0.0946316222870807
29295.5053333329, 0.0946322051194799
29295.5064452778, 0.0946327179971601
29295.5075568018, 0.0946331547537197
29295.5086679021, 0.0946335100300001
29295.5097786501, 0.0946337793589033
29295.5108890854, 0.0946339591710266
29295.5119993012, 0.094634046847947
29295.5131093914, 0.0946340407294447
29295.5142194282, 0.0946339401327108
29295.5153295369, 0.0946337453516472
29295.5164397974, 0.0946334576604178
29295.5175503063, 0.0946330792948311
29295.5186611274, 0.0946326134445241
29295.5197723556, 0.0946320641982171
29295.5208840288, 0.0946314365426292
29295.5219961787, 0.0946307362964599
29295.5231088296, 0.0946299700520542
29295.5242219774, 0.0946291451246161
29295.5253355923, 0.0946282694796673
29295.5264496358, 0.0946273516397168
29295.5275640492, 0.0946264006043988
29295.5286787524, 0.0946254257570786
29295.5297936572, 0.0946244367531624
29295.5309086568, 0.0946234434239196
29295.5320236614, 0.0946224556367132
29295.5331385444, 0.0946214832328397
29295.5342532097, 0.0946205358588221
29295.535367573, 0
29295.5364815396, 0
29295.5375950428, 0
29295.5387080297, 0
29295.5398204728, 0
29295.5409323822, 0
29295.5420437464, 0
29295.5431546197, 0
29295.5442650402, 0
29295.5453750861, 0
29295.5464848415, 0
29295.5475943989, 0
29295.5487038479, 0
29295.5498133035, 0
29295.5509228684, 0
29295.5520326189, 0
29295.5531426505, 0
29295.5542530347, 0
29295.5553638309, 0
29295.5564750606, 0
29295.5575867487, 0
29295.5586989012, 0
29295.559811495, 0.0946185888857344
29295.5609244941, 0.0946193793852629
29295.5620378569, 0.0946201979380557
29295.563151499, 0.0946210350194162
29295.5642653419, 0.0946218809005372
29295.5653793016, 0.0946227257464529
29295.5664932715, 0.094623559712113
29295.5676071728, 0.0946243730887579
29295.5687208904, 0.0946251563653491
29295.5698343587, 0.0946259003952779
29295.570947502, 0.0946265964540699
29295.5720602713, 0.0946272363579896
29295.5731726258, 0.0946278125392086
29295.5742845486, 0.0946283181333719
29295.5753960346, 0.0946287470427714
29295.5765071293, 0.0946290940095667
29295.5776178588, 0.0946293546390655
29295.5787282963, 0.0946295254617789
29295.5798385168, 0.0946296039491355
29295.58094861, 0.0946295885380486
29295.5820586642, 0.0946294786425804
29295.5831687696, 0.0946292746592175
29295.5842790504, 0.0946289779512744
29295.5853895767, 0.0946285908544935
29295.5865004423, 0.0946281166379069
29295.5876117089, 0.094627559490542
29295.5887234305, 0.0946269244746121
29295.5898356465, 0.0946262174799414
29295.5909483696, 0.0946254451758729
29295.592061582, 0.094624614951735
29295.593175261, 0.0946237348252278
29295.5942893562, 0.0946228133767972
29295.5954038141, 0.0946218596415978
29295.5965185443, 0.0946208830417691
29295.5976334504, 0.0946198932599614
29295.5987484466, 0.0946189001177556
29295.5998634182, 0.0946179135026703
29295.6009782743, 0.0946169432118841
29295.6020928922, 0.094615998891685
29295.603207199, 0
29295.6043211148, 0
29295.6054345738, 0
29295.6065475067, 0
29295.6076599069, 0
29295.608771766, 0
29295.6098830912, 0
29295.6109939269, 0
29295.6121043232, 0
29295.6132143328, 0
29295.6143240669, 0
29295.6154336012, 0
29295.6165430404, 0
29295.6176524858, 0
29295.6187620421, 0
29295.6198717974, 0
29295.6209818449, 0
29295.6220922469, 0
29295.623203074, 0
29295.6243143516, 0
29295.6254260994, 0
29295.6265383286, 0
29295.6276509941, 0.0946142192174271
29295.6287640634, 0.0946150128088286
29295.6298774789, 0.0946158335202185
29295.6309911698, 0.0946166718122213
29295.6321050531, 0.094617517938556
29295.6332190367, 0.0946183620547741
29295.6343330176, 0.094619194325838
29295.6354469053, 0.0946200050530261
29295.6365606243, 0.094620784782269
29295.6376740777, 0.094621524383297
29295.6387872062, 0.0946222151908545
29295.6398999614, 0.0946228490781633
29295.6410123038, 0.0946234185426482
29295.6421242154, 0.0946239167913858
29295.6432357088, 0.0946243378117048
29295.6443468118, 0.0946246764213215
29295.6454575627, 0.0946249283170811
29295.6465680131, 0.0946250901170268
29295.6476782491, 0.0946251593908405
29295.6487883616, 0.094625134672381
29295.6498984442, 0.0946250154725279
29295.6510085933, 0.0946248022824323
29295.6521189062, 0.0946244965671002
29295.6532294845, 0.0946241007479875
29295.6543403943, 0.0946236181946104
29295.6554517159, 0.0946230531758698
29295.6565634924, 0.0946224108416619
29295.6576757713, 0.0946216971540024
29295.658788549, 0.0946209188638983
29295.6599018189, 0.0946200834170239
29295.6610155455, 0.0946191988969043
29295.6621296915, 0.0946182739212727
29295.6632441823, 0.0946173175812363
29295.6643589442, 0.0946163393137233
29295.6654738674, 0.0946153488317992
29295.6665888593, 0.0946143559714879
29295.6677038193, 0.0946133706050209
29295.6688186321, 0.0946124025370717
29295.6699332167, 0.0946114613537033
29295.6710474778, 0
29295.6721613382, 0
29295.6732747371, 0
29295.6743876243, 0
29295.6754999776, 0
29295.6766117843, 0
29295.6777230694, 0
29295.6788338642, 0
29295.6799442186, 0
29295.6810541919, 0
29295.6821638947, 0
29295.683273392, 0
29295.6843828072, 0
29295.6854922344, 0
29295.6866017911, 0
29295.6877115558, 0
29295.6888216174, 0
29295.6899320564, 0
29295.6910429154, 0
29295.6921542505, 0
29295.6932660666, 0
29295.6943783509, 0
29295.6954910898, 0.0946098491209667
29295.696604227, 0.0946106457115436
29295.6977176996, 0.094611468490978
29295.6988314322, 0.0946123078930738
29295.6999453402, 0.0946131541571648
29295.7010593378, 0.0946139974416182
29295.7021733143, 0.0946148279142527
29295.7032871996, 0.094615635910846
29295.7044008903, 0.094616411987128
29295.7055143196, 0.0946171470736698
29295.7066274205, 0.0946178325485014
29295.7077401356, 0.0946184603377921
29295.7088524521, 0.0946190230193737
29295.7099643436, 0.0946195138674171
29295.7110758286, 0.0946199269494992
29295.7121869168, 0.0946202571613628
29295.7132976643, 0.0946205002947201
29295.7144081309, 0.0946206530596451
29295.7155184023, 0.0946207131173785
29295.7166285644, 0.0946206790954609
29295.7177386952, 0.0946205506025151
29295.7188488997, 0.0946203282265116
29295.7199592776, 0.0946200135271598
29295.721069937, 0.0946196090158849
29295.7221809328, 0.0946191181558212
29295.7232923339, 0.0946185453089305
29295.7244041917, 0.0946178957044486
29295.7255165389, 0.0946171753912008
29295.7266293901, 0.0946163911798063
29295.7277427354, 0.0946155505809686
29295.7288565262, 0.094614661744012
29295.7299707145, 0.0946137333436393
29295.7310852375, 0.0946127744997932
29295.7322000099, 0.0946117946873878
29295.7333149537, 0.0946108036087072
29295.734429964, 0.0946098111172138
29295.7355449168, 0.0946088271018697
29295.7366597384, 0.0946078613164833
29295.7377743121, 0.0946069233529811
29295.7388885568, 0
29295.7400023898, 0
29295.7411157546, 0
29295.7422285927, 0
29295.7433408999, 0
29295.7444526692, 0
29295.7455639196, 0
29295.7466746749, 0
29295.7477849909, 0
29295.7488949516, 0
29295.7500046257, 0
29295.7511141117, 0
29295.7522235255, 0
29295.753332955, 0
29295.7544425223, 0
29295.7555523158, 0
29295.7566624226, 0
29295.7577729015, 0
29295.7588838164, 0
29295.7599951962, 0
29295.7611070656, 0
29295.7622194158, 0
29295.7633322026, 0.0946054786754149
29295.7644453879, 0.0946062781722893
29295.765558907, 0.0946071029301184
29295.7666726785, 0.0946079433558701
29295.7677866187, 0.0946087896777708
29295.7689006327, 0.0946096320454906
29295.770014617, 0.0946104606418812
29295.7711284808, 0.0946112658074816
29295.7722421398, 0.0946120381432057
29295.7733555138, 0.0946127686120255
29295.7744685435, 0.094613448648866
29295.7755811867, 0.0946140702488557
29295.7766934234, 0.0946146260533684
29295.7778052545, 0.0946151094230853
29295.7789166713, 0.0946155144934279
29295.7800277071, 0.0946158362542135
29295.7811384097, 0.0946160705831052
29295.7822488705, 0.0946162142858249
29295.7833591497, 0.0946162651109378
29295.7844693382, 0.0946162217808457
29295.7855795183, 0.0946160839981435
29295.7866897913, 0.0946158524447106
29295.787800249, 0.0946155287755549
29295.788910967, 0.0946151156077437
29295.7900220388, 0.0946146164826282
29295.7911335178, 0.0946140358544988
29295.7922454496, 0.0946133790385598
29295.7933578681, 0.0946126521602344
29295.7944707808, 0.0946118621060372
29295.7955841715, 0.0946110164558272
29295.7966980103, 0.0946101233999586
29295.7978122465, 0.094609191660582
29295.7989268171, 0.0946082303938805
29295.8000416347, 0.0946072491033723
29295.8011565998, 0.0946062575267867
29295.8022716107, 0.0946052655205219
29295.803386581, 0.0946042829351988
29295.8045013993, 0.0946033195418986
29295.8056159587, 0.0946023848976631
29295.8067301807, 0
29295.8078439831, 0
29295.8089573092, 0
29295.8100701105, 0
29295.8111823734, 0
29295.8122940953, 0
29295.8134052994, 0
29295.814516002, 0
29295.815626277, 0
29295.8167361965, 0
29295.817845864, 0
29295.8189553597, 0
29295.8200647844, 0
29295.821174237, 0
29295.8222838251, 0
29295.8233936544, 0
29295.8245037926, 0
29295.8256143121, 0
29295.8267252731, 0
29295.827836706, 0
29295.8289486304, 0
29295.8300610145, 0
29295.8311738358, 0.0946011079714264
29295.8322870505, 0.0946019102806483
29295.8334005956, 0.0946027369168764
29295.834514385, 0.0946035782624593
29295.835628328, 0.0946044245295199
29295.8367423232, 0.0946052658628441
29295.837856267, 0.0946060924563361
29295.8389700963, 0.0946068946929299
29295.8400837043, 0.0946076631888429
29295.8411970149, 0.0946083889525057
29295.8423099893, 0.0946090634828339
29295.8434225706, 0.0946096788249534
29295.8445347343, 0.0946102276863776
29295.8456464807, 0.0946107035042366
29295.8467578254, 0.0946111005054724
29295.8478688006, 0.0946114137635919
29295.8489794653, 0.0946116392466263
29295.8500898886, 0.0946117738474209
29295.8512001382, 0.0946118154117303
29295.8523103059, 0.0946117627585712
29295.8534204837, 0.0946116156858472
29295.8545307689, 0.0946113749704307
29295.8556412347, 0.0946110423671959
29295.8567519703, 0.0946106205833244
29295.8578630602, 0.0946101132536477
29295.8589745617, 0.0946095249172581
29295.8600865187, 0.0946088609713429
29295.8611989629, 0.0946081276184519
29295.8623119063, 0.0946073318106097
29295.8634253183, 0.0946064811998639
29295.8645391779, 0.0946055840237964
29295.8656534358, 0.094604649047598
29295.8667680275, 0.0946036854637256
29295.86788285, 0.0946027028146534
29295.8689978177, 0.0946017108409988
29295.8701128302, 0.0946007194024975
29295.8712277908, 0.0945997383526922
29295.872342588, 0.0945987774460884
29295.8734571185, 0.0945978462091597
29295.8745712942, 0
29295.8756850358, 0
29295.8767982886, 0
29295.8779110238, 0
29295.8790232285, 0
29295.8801348787, 0
29295.8812460065, 0
29295.8823566528, 0
29295.8834668844, 0
29295.8845767716, 0
29295.8856863989, 0
29295.8867958653, 0
29295.8879052757, 0
29295.8890147302, 0
29295.8901243308, 0
29295.891234171, 0
29295.8923443392, 0
29295.8934549004, 0
29295.8945658974, 0
29295.8956773776, 0
29295.8967893362, 0
29295.8979017629, 0
29295.8990146249, 0.0945967368253167
29295.9001278823, 0.0945975418545739
29295.9012414537, 0.0945983702657726
29295.902355256, 0.0945992124228855
29295.9034692017, 0.094600058530841
29295.9045831904, 0.0946008987365309
29295.9056971305, 0.0946017232546964
29295.9068109258, 0.0946025224663298
29295.9079244995, 0.0946032870426583
29295.9090377722, 0.0946040080320893
29295.9101506914, 0.0946046769772401
29295.9112632202, 0.0946052859964387
29295.9123753332, 0.0946058278641385
29295.9134870341, 0.0946062960935977
29295.9145983367, 0.0946066849913055
29295.9157092773, 0.0946069897175772
29295.9168199188, 0.0946072063300881
29295.9179303106, 0.0946073318117549
29295.9190405294, 0.0946073641070608
29295.9201506668, 0.0946073021329693
29295.9212608204, 0.0946071457847828
29295.9223710792, 0.0946068959379682
29295.9234815344, 0.0946065544383005
29295.9245922632, 0.0946061240882418
29295.9257033492, 0.0946056086127352
29295.9268148516, 0.094605012635517
29295.9279268102, 0.0946043416366381
29295.9290392528, 0.0946036018960966
29295.9301521949, 0.0946028004319656
29295.9312656207, 0.0946019449450738
29295.9323794895, 0.0946010437393823
29295.933493758, 0.0946001056189044
29295.9346083475, 0.094599139822141
29295.9357231565, 0.0945981559150077
29295.9368381137, 0.0945971636394782
29295.9379531033, 0.0945961728721623
29295.9390680144, 0.0945951934719528
29295.9401827441, 0.0945942351669755
29295.9412972042, 0.0571684857863107
29295.9424112973, 0
29295.9435249676, 0
29295.9446381418, 0
29295.9457507857, 0
29295.9468628875, 0
29295.9479744458, 0
29295.9490854907, 0
29295.9501960574, 0
29295.951306209, 0
29295.9524160227, 0
29295.9535255937, 0
29295.9546350259, 0
29295.9557444033, 0
29295.9568538408, 0
29295.9579634399, 0
29295.9590732887, 0
29295.960183485, 0
29295.9612940814, 0
29295.962405122, 0
29295.9635166442, 0
29295.9646286465, 0
29295.9657411311, 0
29295.9668540556, 0.0945923650550282
29295.9679673547, 0.0945931726928673
29295.9690809624, 0.0945940027755911
29295.9701947937, 0.094594845647077
29295.9713087691, 0.0945956915098096
29295.9724227661, 0.0945965304962008
29295.9735367101, 0.0945973528466205
29295.9746505045, 0.0945981489651794
29295.9757640782, 0.0945989095602253
29295.9768773362, 0.09459962571291
29295.977990248, 0.0946002890322657
29295.9791027611, 0.0946008916877296
29295.9802148657, 0.0946014265306847
29295.9813265558, 0.0946018871443044
29295.9824378592, 0.0946022679212521
29295.9835488048, 0.0946025641041042
29295.9846594412, 0.0946027718380589
29295.9857698289, 0.0946028882034736
29295.986880051, 0.0946029112409479
29295.9879901895, 0.0946028399643574
29295.98910035, 0.0946026743661796
29295.9902106182, 0.0946024154189145
29295.9913210896, 0.0946020650622226
29295.9924318319, 0.0946016261946212
29295.9935429371, 0.0946011026273388
29295.9946544643, 0.0946004990686479
29295.9957664553, 0.0945998210764127
29295.9968789338, 0.0945990750065775
29295.9979919117, 0.0945982679467375
29295.9991053644, 0.0945974076644314
29296.0002192499, 0.0945965025174338
29296.0013335253, 0.0945955613525593
29296.0024481121, 0.0945945934418669
29296.0035629289, 0.0945936083565897
29296.0046778791, 0.0945926158739958
29296.0057928442, 0.0945916258756815
29296.006907728, 0.0945906481994166
29296.0080224159, 0.0945896925648321
29296.0091368057, 0
29296.0102508359, 0
29296.0113644219, 0
29296.0124775146, 0
29296.0135900817, 0
29296.0147021025, 0
29296.0158135846, 0
29296.0169245425, 0
29296.01803503, 0
29296.0191451197, 0
29296.0202548869, 0
29296.0213643978, 0
29296.0224737782, 0
29296.0235831301, 0
29296.0246925511, 0
29296.025802141, 0
29296.0269120012, 0
29296.028022213, 0
29296.0291328442, 0
29296.0302439348, 0
29296.0313555164, 0
29296.0324675871, 0
29296.0335801269, 0.000870565042033117
29296.0346930995, 0.0945879928822524
29296.0358064449, 0.0945888030433074
29296.0369200882, 0.0945896347060441
29296.038033958, 0.0945904782062812
29296.0391479499, 0.0945913237202196
29296.0402619655, 0.0945921614014438
29296.0413759203, 0.09459298149688
29296.0424897164, 0.0945937744337464
29296.0436032751, 0.0945945309503917
29296.0447165389, 0.09459524219694
29296.045829442, 0.0945958998121285
29296.0469419505, 0.0945964960385008
29296.0480540453, 0.094597023791402
29296.0491657291, 0.0945974767343355
29296.0502770176, 0.0945978493375603
29296.0513879558, 0.0945981369364075
29296.0524985906, 0.09459833576567
29296.053608991, 0.0945984429995802
29296.0547192195, 0.0945984567727885
29296.0558293898, 0.0945983761955583
29296.0569395888, 0.094598201356219
29296.058049897, 0.0945979333251477
29296.0591604159, 0.0945975741356961
29296.0602712267, 0.0945971267723427
29296.0613824048, 0.0945965951399178
29296.0624940001, 0.0945959840366581
29296.0636060626, 0.094595299096226
29296.0647186145, 0.0945945467486272
29296.0658316607, 0.0945937341533331
29296.0669451847, 0.0945928691312754
29296.0680591346, 0.0945919600990727
29296.0691734536, 0.0945910159580443
29296.0702880749, 0.0945900460041249
29296.0714028986, 0.0945890598476531
29296.0725178389, 0.0945880672687188
29296.0736327982, 0.0945870781319139
29296.0747476591, 0.0945861022840193
29296.0758623179, 0.0945851494151808
29296.0769766878, 0
29296.0780906753, 0
29296.0792042131, 0
29296.0803172576, 0
29296.0814297644, 0
29296.0825416985, 0
29296.0836530955, 0
29296.0847639807, 0
29296.0858744014, 0
29296.0869844137, 0
29296.088094106, 0
29296.0892035696, 0
29296.0903129122, 0
29296.0914222272, 0
29296.0925316389, 0
29296.0936412424, 0
29296.0947511277, 0
29296.0958613744, 0
29296.0969720467, 0
29296.0980831855, 0
29296.0991948043, 0
29296.1003069137, 0
29296.1014194847, 0.09458283776642
29296.102532486, 0.0945836203432366
29296.1036458544, 0.0945844329317929
29296.1047595185, 0.0945852660812225
29296.1058733841, 0.0945861100933788
29296.106987372, 0.0945869551568123
29296.1081013828, 0.0945877914291766
29296.1092153232, 0.0945886091656538
29296.1103291046, 0.0945893988259806
29296.1114426473, 0.0945901511832264
29296.1125558827, 0.0945908574255545
29296.1136687704, 0.0945915092617594
29296.1147812567, 0.0945920989845089
29296.1158933321, 0.0945926195843577
29296.1170049784, 0.0945930647931715
29296.1181162279, 0.0945934291728492
29296.1192271378, 0.0945937081496792
29296.1203377523, 0.0945938980478531
29296.1214481336, 0.0945939961347945
29296.1225583663, 0.0945940006419557
29296.1236685535, 0.0945939107737608
29296.1247787821, 0.0945937267145189
29296.1258891431, 0.0945934496268199
29296.1269997333, 0.0945930816363561
29296.1281106313, 0.0945926258180876
29296.1292219015, 0.0945920861687998
29296.1303336115, 0.0945914675604538
29296.1314457821, 0.0945907757210282
29296.1325584372, 0.0945900171540771
29296.1336715713, 0.094589199094018
29296.1347851668, 0.0945883294233238
29296.1358991736, 0.0945874166087486
29296.1370135491, 0.0945864695816153
29296.1381282081, 0.0945854976849517
29296.1392430633, 0.0945845105403056
29296.1403580178, 0.0945835179486944
29296.1414729757, 0.0945825297733352
29296.1425878246, 0.094581555846272
29296.1437024593, 0.0945806058376313
29296.1448168061, 0
29296.1459307695, 0
29296.1470442779, 0
29296.1481572675, 0
29296.1492697189, 0
29296.1503816085, 0
29296.1514929434, 0
29296.1526037569, 0
29296.1537141072, 0
29296.1548240724, 0
29296.1559337296, 0
29296.1570431688, 0
29296.1581525021, 0
29296.159261844, 0
29296.1603712911, 0
29296.1614809384, 0
29296.1625908721, 0
29296.1637011694, 0
29296.164811884, 0
29296.1659230604, 0
29296.1670347155, 0
29296.1681468567, 0
29296.1692594532, 0.0945784614434387
29296.1703724676, 0.0945792472626551
29296.1714858338, 0.0945800621664839
29296.172599502, 0.0945808966941366
29296.1737133754, 0.0945817411302771
29296.1748273663, 0.0945825856521042
29296.1759413825, 0.0945834204278393
29296.1770553417, 0.0945842357363759
29296.1781691326, 0.0945850220466412
29296.1792826822, 0.0945857701724222
29296.1803959212, 0.0945864713470903
29296.181508783, 0.0945871173196036
29296.1826212384, 0.0945877004623489
29296.1837332703, 0.0945882138342445
29296.184844891, 0.094588651258261
29296.1859561144, 0.0945890073705518
29296.1870669891, 0.0945892776839821
29296.1881775652, 0.0945894586184372
29296.1892879273, 0.0945895475388871
29296.1903981703, 0.094589542769363
29296.1915083625, 0.0945894436102148
29296.1926186228, 0.0945892503393075
29296.1937290307, 0.0945889642139899
29296.1948396847, 0.0945885874516748
29296.1959506479, 0.0945881232236151
29296.1970620012, 0.0945875756069243
29296.1981737979, 0.0945869495626991
29296.1992860602, 0.0945862508965486
29296.2003988012, 0.09458548619142
29296.2015120214, 0.0945846627434112
29296.2026256978, 0.0945837884971378
29296.2037397777, 0.0945828719712036
29296.2048542143, 0.0945819221413204
29296.2059689113, 0.094580948391773
29296.2070837856, 0.0945799603616032
29296.2081987487, 0.0945789678543367
29296.2093137115, 0.094577980726837
29296.2104285499, 0.094577008809868
29296.2115431616, 0.0945760617490219
29296.2126574657, 0
29296.2137713805, 0
29296.2148848304, 0
29296.2159977729, 0
29296.2171101738, 0
29296.2182220245, 0
29296.2193333281, 0
29296.2204441281, 0
29296.2215544695, 0
29296.2226644391, 0
29296.2237741068, 0
29296.2248835787, 0
29296.2259929453, 0
29296.2271023303, 0
29296.2282118168, 0
29296.229321515, 0
29296.2304314961, 0
29296.2315418398, 0
29296.2326526186, 0
29296.2337638474, 0
29296.2348755528, 0
29296.2359877392, 0
29296.23710038, 0.0945740846935973
29296.2382134302, 0.0945748736745424
29296.2393268372, 0.0945756908242327
29296.2404405296, 0.0945765266410317
29296.2415544297, 0.0945773714090535
29296.2426684459, 0.0945782152986105
29296.243782479, 0.0945790484790566
29296.2448964429, 0.0945798612436639
29296.246010239, 0.0945806440983101
29296.2471237802, 0.0945813878844926
29296.2482370082, 0.0945820838904675
29296.2493498502, 0.0945827239175258
29296.2504622908, 0.0945833004100998
29296.2515743071, 0.0945838064947533
29296.2526859113, 0.0945842360726111
29296.2537971269, 0.0945845838663242
29296.254907989, 0.0945848454728396
29296.2560185647, 0.0945850174078267
29296.2571289304, 0.0945850971286164
29296.2582391779, 0.0945850830559469
29296.2593493838, 0.0945849745876046
29296.2604596616, 0.0945847720986735
29296.2615701065, 0.0945844769384084
29296.2626807935, 0.094584091424047
29296.263791809, 0.0945836188096305
29296.2649032161, 0.0945830632662073
29296.2660150559, 0.0945824298460815
29296.2671273697, 0.094581724422574
29296.2682401622, 0.0945809536550263
29296.2693534353, 0.0945801249031826
29296.2704671464, 0.0945792461840737
29296.2715812569, 0.0945783260543594
29296.2726957142, 0.0945773735338414
29296.2738104249, 0.0945763980339161
29296.2749253197, 0.0945754092004409
29296.27604028, 0.0945744168726313
29296.2771552108, 0.0945734309108114
29296.2782700154, 0.0945724611088637
29296.2793845873, 0.0945715170928916
29296.2804988395, 0
29296.2816126844, 0
29296.2827260703, 0
29296.283838948, 0
29296.2849512774, 0
29296.2860630637, 0
29296.28717432, 0
29296.2882850844, 0
29296.2893954085, 0
29296.2905053747, 0
29296.2916150454, 0
29296.2927245354, 0
29296.2938339393, 0
29296.2949433418, 0
29296.2960528676, 0
29296.2971626003, 0
29296.2982726346, 0
29296.2993830319, 0
29296.30049383, 0
29296.3016051034, 0
29296.3027168514, 0
29296.303829075, 0
29296.3049417563, 0.0945697074342708
29296.306054843, 0.0945704994843745
29296.3071682911, 0.0945713187843639
29296.3082820312, 0.0945721558107602
29296.3093959599, 0.094573000814605
29296.31051001, 0.0945738439812452
29296.3116240652, 0.094574675474708
29296.3127380338, 0.0945754856022825
29296.3138518324, 0.0945762649093822
29296.3149653664, 0.094577004270776
29296.3160785785, 0.0945776950236223
29296.3171914074, 0.0945783290329022
29296.3183038281, 0.0945788988021081
29296.3194158226, 0.0945793975329947
29296.3205274031, 0.0945798192054303
29296.3216385854, 0.0945801586247844
29296.3227494314, 0.0945804114845211
29296.3238599906, 0.0945805743873551
29296.3249703476, 0.0945806448866899
29296.3260805883, 0.0945806214993361
29296.3271908096, 0.0945805037182429
29296.3283011083, 0.0945802920150301
29296.3294115594, 0.094579987841265
29296.3305222613, 0.0945795936038658
29296.3316333008, 0.0945791126468509
29296.3327447252, 0.0945785492361256
29296.3338565906, 0.0945779084997226
29296.3349689398, 0.0945771963860214
29296.3360817692, 0.0945764196300613
29296.3371950589, 0.0945755856723439
29296.3383088018, 0.0945747025593828
29296.3394229374, 0.0945737789119659
29296.3405374179, 0.094572823784157
29296.3416521309, 0.0945718466326176
29296.3427670104, 0.0945708571189882
29296.343881951, 0.0945698650784846
29296.3449968577, 0.0945688803681769
29296.3461116194, 0.0945679127809138
29296.3472261444, 0.0945669719055504
29296.3483403206, 0
29296.3494540877, 0
29296.3505673841, 0
29296.3516801642, 0
29296.3527924129, 0
29296.3539041271, 0
29296.3550153082, 0
29296.3561260008, 0
29296.3572362692, 0
29296.3583461775, 0
29296.3594558251, 0
29296.3605652824, 0
29296.3616746676, 0
29296.3627840751, 0
29296.3638936009, 0
29296.3650033482, 0
29296.3661133869, 0
29296.3672237955, 0
29296.3683346341, 0
29296.3694459313, 0
29296.3705576952, 0
29296.3716699469, 0
29296.3727826444, 0.0945653297360436
29296.3738957595, 0.0945661247694863
29296.375009221, 0.094566946117799
29296.3761229612, 0.0945677842352008
29296.3772369013, 0.0945686293789667
29296.3783509368, 0.0945694717043828
29296.3794649834, 0.0945703014080725
29296.3805789281, 0.0945711088008052
29296.3816926926, 0.0945718844617487
29296.3828061836, 0.0945726193065119
29296.3839193544, 0.0945733047279003
29296.3850321363, 0.0945739326439147
29296.386144497, 0.094574495620866
29296.3872564413, 0.0945749869449649
29296.3883679769, 0.0945754006719747
29296.38947912, 0.0945757316911813
29296.3905899237, 0.094575975782795
29296.3917004623, 0.0945761296462624
29296.3928108031, 0.0945761909256435
29296.3939210341, 0.0945761582345711
29296.3950312542, 0.0945760311629121
29296.3961415476, 0.0945758102817937
29296.3972520234, 0.0945754971303919
29296.3983627489, 0.0945750942161043
29296.3994738036, 0.0945746049787097
29296.4005852692, 0.094574033755247
29296.4016971798, 0.0945733857648945
29296.4028095602, 0.0945726670448629
29296.4039224235, 0.094571884391045
29296.4050357566, 0.0945710453012981
29296.4061495373, 0.0945701578882826
29296.4072637076, 0.0945692308175273
29296.4083781963, 0.0945682732008282
29296.4094929393, 0.0945672944804632
29296.4106078441, 0.0945663043578805
29296.411722796, 0.0945653126836097
29296.4128376904, 0.0945643293191582
29296.4139524309, 0.0945633640294414
29296.4150669167, 0.0945624263857801
29296.4161810477, 0
29296.4172947607, 0
29296.4184079877, 0
29296.4195206896, 0
29296.4206328402, 0
29296.4217444443, 0
29296.4228555298, 0
29296.4239661338, 0
29296.4250763075, 0
29296.4261861534, 0
29296.4272957355, 0
29296.4284051402, 0
29296.429514484, 0
29296.4306238678, 0
29296.4317333895, 0
29296.4328431401, 0
29296.433953194, 0
29296.4350636235, 0
29296.4361744747, 0
29296.4372857924, 0
29296.4383975842, 0
29296.4395098564, 0
29296.4406225658, 0.0945609516120962
29296.441735677, 0.0945617495227033
29296.4428491299, 0.0945625728181591
29296.4439628698, 0.0945634119410221
29296.4450767997, 0.0945642571231996
29296.4461908156, 0.0945650985191004
29296.4473048175, 0.0945659263237123
29296.4484187225, 0.0945667308904651
29296.4495324397, 0.0945675028199486
29296.4506458772, 0.0945682330695288
29296.4517589836, 0.0945689130793768
29296.4528717136, 0.0945695348400128
29296.4539840201, 0.0945700909748621
29296.4550958944, 0.0945705748385969
29296.4562073596, 0.0945709805754435
29296.457318452, 0.0945713031658741
29296.4584292114, 0.0945715384735457
29296.4595396974, 0.0945716832890728
29296.4606500047, 0.0945717353555994
29296.4617602186, 0.0945716933806126
29296.4628704337, 0.0945715570495514
29296.4639807396, 0.0945713270280113
29296.4650912354, 0.0945710049514092
29296.4662019992, 0.0945705934160187
29296.4673131212, 0.0945700959440951
29296.4684246398, 0.0945695169778781
29296.4695366161, 0.0945688618055759
29296.4706490694, 0.0945681365423359
29296.471761999, 0.0945673480629815
29296.4728754113, 0.0945665039136263
29296.4739892552, 0.0945656122831406
29296.4751034839, 0.0945646818750193
29296.4762180294, 0.0945637218345079
29296.4773328188, 0.0945627416382453
29296.4784477484, 0.0945617510140829
29296.4795627196, 0.0945607598041017
29296.4806776224, 0.0945597778696314
29296.4817923507, 0.0945588149682774
29296.4829068046, 0.094557880643302
29296.4840209025, 0
29296.4851345657, 0
29296.4862477399, 0
29296.4873603818, 0
29296.4884724604, 0
29296.4895839938, 0
29296.4906950034, 0
29296.4918055388, 0
29296.4929156574, 0
29296.4940254437, 0
29296.4951349733, 0
29296.4962443622, 0
29296.497353691, 0
29296.4984630807, 0
29296.4995726105, 0
29296.5004286387, 0

