(DefaultSC.A1ModJulian) vs (DefaultSC.SolarPowerSystem1.TotalPowerAvailable)
DefaultSC.A1ModJulian   DefaultSC.SolarPowerSystem1.TotalPowerAvailable
DefaultSC.SolarPowerSystem1.TotalPowerAvailable
29294.5004286387, 0.0946999108314375
29294.5011230831, 0.0946996844809219
29294.5021470909, 0.0946992847338072
29294.5032167504, 0.0946987864042579
29294.5042919731, 0.0946982068438491
29294.5053682454, 0.0946975532023637
29294.5064450838, 0.094696831844079
29294.5075224335, 0.0946960496583545
29294.5086002785, 0.0946952141674468
29294.5096785849, 0.094694333483646
29294.5107573004, 0.0946934162265482
29294.5118363594, 0.0946924714282439
29294.5129156807, 0.0946915084392339
29294.5139951703, 0.0946905368253672
29294.5150747141, 0.0946895662692354
29294.5161542226, 0.0946886064230603
29294.5172335818, 0.0946876668453622
29294.5183126865, 0
29294.5193914493, 0
29294.5204697956, 0
29294.5215476763, 0
29294.5226250405, 0
29294.523701866, 0
29294.524778158, 0
29294.5258539394, 0
29294.5269292597, 0
29294.5280041855, 0
29294.5290787798, 0
29294.5301531272, 0
29294.5312273303, 0
29294.532301483, 0
29294.5333756875, 0
29294.534450027, 0
29294.5355245894, 0
29294.5365994557, 0
29294.5376746799, 0
29294.5387503279, 0
29294.5398264142, 0
29294.5409029479, 0
29294.5419799099, 0
29294.5430572944, 0.0946857882799235
29294.5441350391, 0.094686580104764
29294.54521309, 0.0946873943301876
29294.5462913623, 0.0946882214959447
29294.5473697897, 0.0946890520089297
29294.548448256, 0.0946898761960094
29294.5495266883, 0.0946906844826254
29294.5506049804, 0.0946914674407655
29294.551683041, 0.0946922159305469
29294.5527608105, 0.0946929212113795
29294.553838215, 0.094693575005068
29294.554915215, 0.0946941696173398
29294.5559917644, 0.0946946979945195
29294.5570678844, 0.0946951538324179
29294.5581435825, 0.0946955315965152
29294.5592189033, 0.0946958265983897
29294.5602938823, 0.0946960350242599
29294.5613686044, 0.0946961539832537
29294.5624431515, 0.0946961815175547
29294.563517615, 0.0946961166222893
29294.5645920992, 0.0946959592505273
29294.5656667005, 0.0946957103132773
29294.5667415187, 0.0946953716686549
29294.5678166355, 0.0946949461101982
29294.5688921214, 0.0946944373410898
29294.5699680409, 0.0946938499365716
29294.5710444498, 0.0946931893000285
29294.5721213622, 0.094692461633236
29294.5731987926, 0.0946916738517692
29294.5742767125, 0.0946908335468669
29294.575355088, 0.0946899488833532
29294.576433875, 0.0946890285169181
29294.5775129782, 0.0946880815396518
29294.5785923352, 0.0946871173106093
29294.5796718375, 0.0946861454225136
29294.5807513895, 0.0946851755449559
29294.5818308794, 0.0946842173429239
29294.5829102126, 0.09468328033965
29294.5839892893, 0
29294.5850680155, 0
29294.5861463154, 0
29294.5872241422, 0
29294.5883014572, 0
29294.5893782408, 0
29294.5904544893, 0
29294.5915302305, 0
29294.5926055024, 0
29294.5936803735, 0
29294.5947549221, 0
29294.5958292204, 0
29294.5969033819, 0
29294.5979775078, 0
29294.5990516833, 0
29294.6001260157, 0
29294.601200583, 0
29294.6022754576, 0
29294.6033507163, 0
29294.6044263955, 0
29294.6055025367, 0
29294.6065791175, 0
29294.6076561444, 0
29294.608733586, 0.0946815702462041
29294.6098113759, 0.0946823646363023
29294.610889472, 0.094683180504684
29294.6119677895, 0.0946840083727664
29294.6130462426, 0.0946848386239242
29294.6141247303, 0.0946856615987751
29294.6152031591, 0.0946864677199686
29294.6162814359, 0.0946872475933019
29294.6173594868, 0.0946879921246863
29294.6184372456, 0.0946886926110995
29294.6195146358, 0.0946893408247492
29294.6205916167, 0.0946899291314291
29294.621668162, 0.0946904505553647
29294.6227442757, 0.0946908988575623
29294.6238199764, 0.0946912685883821
29294.6248952885, 0.0946915551386894
29294.6259702802, 0.0946917547926305
29294.6270450191, 0.0946918647462087
29294.6281195679, 0.0946918831366925
29294.6291940452, 0.0946918090569358
29294.6302685448, 0.0946916425560904
29294.6313431701, 0.0946913846392846
29294.6324180107, 0.0946910372611033
29294.633493162, 0.0946906033017486
29294.6345686947, 0.0946900865503763
29294.6356446748, 0.0946894916631852
29294.6367211354, 0.094688824134864
29294.6377981049, 0.0946880902320598
29294.6388755947, 0.0946872969380874
29294.6399535768, 0.0946864519022925
29294.6410320043, 0.0946855633508259
29294.6421108254, 0.0946846399888893
29294.6431899626, 0.0946836909264988
29294.6442693393, 0.0946827255583348
29294.6453488349, 0.0946817535012066
29294.6464283732, 0.0946807844094929
29294.6475078276, 0.0946798279530795
29294.6485871196, 0.0946788936216986
29294.6496661504, 0
29294.6507448294, 0
29294.6518230829, 0
29294.6529008593, 0
29294.6539781282, 0
29294.6550548668, 0
29294.6561310764, 0
29294.6572067707, 0
29294.6582820106, 0
29294.6593568516, 0
29294.6604313689, 0
29294.6615056378, 0
29294.6625797664, 0
29294.663653864, 0
29294.6647280244, 0
29294.6658023409, 0
29294.6668769045, 0
29294.6679518002, 0
29294.6690270872, 0
29294.6701028097, 0
29294.6711789986, 0
29294.672255646, 0
29294.6733327339, 0
29294.6744102417, 0.0946773518755608
29294.6754881162, 0.0946781487629412
29294.6765662781, 0.094678966191542
29294.6776446361, 0.0946797946591791
29294.678723124, 0.0946806245568184
29294.6798016284, 0.0946814462187584
29294.6808800709, 0.0946822500929694
29294.6819583444, 0.0946830267990699
29294.6830363907, 0.0946837672886569
29294.6841141141, 0.09468446288342
29294.6851914739, 0.0946851054330023
29294.6862684279, 0.0946856873627475
29294.6873449525, 0.0946862017662297
29294.6884210501, 0.0946866424782693
29294.689496749, 0.0946870041327125
29294.6905720782, 0.0946872822049889
29294.6916470813, 0.0946874730619734
29294.692721842, 0.0946875739958762
29294.6937964398, 0.0946875832370132
29294.6948709663, 0.0946874999714774
29294.6959455131, 0.09468732434624
29294.6970201984, 0.0946870574592395
29294.6980951059, 0.0946867013589069
29294.6991703261, 0.0946862590182067
29294.7002459209, 0.0946857343191252
29294.7013219626, 0.0946851319996727
29294.7023984938, 0.094684457627374
29294.7034755356, 0.094683717544829
29294.7045530892, 0.094682918808885
29294.7056311282, 0.0946820691272456
29294.7067096114, 0.0946811767718905
29294.70778848, 0.0946802504953502
29294.7088676428, 0.0946792994522973
29294.7099470419, 0.0946783330432184
29294.7110265627, 0.0946773608911771
29294.7121060967, 0.0946763926810474
29294.7131855566, 0.0946754380381983
29294.7142648334, 0.0946745064597424
29294.7153438341, 0
29294.716422475, 0
29294.7175007058, 0
29294.7185784485, 0
29294.7196556712, 0
29294.7207323638, 0
29294.7218085371, 0
29294.7228841969, 0
29294.7239593897, 0
29294.7250341965, 0
29294.7261086786, 0
29294.7271829198, 0
29294.7282570417, 0
29294.7293311271, 0
29294.7304052936, 0
29294.7314796249, 0
29294.7325542159, 0
29294.7336291549, 0
29294.7347044939, 0
29294.7357802747, 0
29294.736856517, 0
29294.7379332232, 0
29294.7390103835, 0
29294.7400879511, 0.0946731333510812
29294.741165868, 0.0946739326248613
29294.7422440699, 0.0946747515103941
29294.7433224738, 0.0946755804956736
29294.7444009793, 0.0946764099388103
29294.7454794952, 0.0946772301957026
29294.7465579142, 0.0946780317077408
29294.747636159, 0.0946788051428237
29294.7487141655, 0.0946795414838662
29294.7497918483, 0.09468023210479
29294.7508691602, 0.0946808689050086
29294.7519460663, 0.0946814443763954
29294.7530225378, 0.0946819516798433
29294.7540985952, 0.0946823847343607
29294.755174246, 0.0946827382474289
29294.7562495439, 0.0946830077893768
29294.7573245414, 0.0946831898160968
29294.758399312, 0.0946832817077326
29294.759473932, 0.0946832817876467
29294.7605485, 0.0946831893357196
29294.7616231125, 0.0946830045908415
29294.7626978517, 0.0946827287522668
29294.7637728311, 0.0946823639551615
29294.764848127, 0.0946819132666408
29294.7659238117, 0.094681380650947
29294.7669999358, 0.0946807709399796
29294.7680765431, 0.0946800897803649
29294.7691536535, 0.0946793435893585
29294.7702312635, 0.0946785394938078
29294.771309359, 0.094677685250596
29294.7723878959, 0.0946767891833476
29294.7734668108, 0.0946758600890922
29294.7745460185, 0.0946749071483437
29294.7756254577, 0.0946739397854411
29294.7767050129, 0.0946729676351921
29294.7777845756, 0.094672000382723
29294.7788640348, 0.0946710476640475
29294.7799433176, 0.0946701189232194
29294.7810223149, 0
29294.7821009462, 0
29294.7831791384, 0
29294.7842568427, 0
29294.7853340231, 0
29294.7864106765, 0
29294.787486796, 0
29294.7885624074, 0
29294.7896375718, 0
29294.790712347, 0
29294.7917868015, 0
29294.7928610387, 0
29294.7939351454, 0
29294.7950092302, 0
29294.7960833996, 0
29294.7971577604, 0
29294.7982323916, 0
29294.7993073593, 0
29294.8003827434, 0
29294.8014585674, 0
29294.8025348621, 0
29294.8036116195, 0
29294.8046888285, 0
29294.8057664374, 0.0946689146228172
29294.8068443917, 0.0946697161989675
29294.8079226206, 0.0946705364485835
29294.8090010344, 0.0946713658385222
29294.8100795363, 0.0946721947245989
29294.8111580319, 0.0946730134659881
29294.8122364368, 0.0946738125372797
29294.8133146409, 0.0946745826085979
29294.8143925824, 0.0946753147027962
29294.8154701974, 0.094676000255482
29294.8165474264, 0.0946766312138009
29294.8176242457, 0.0946772001408288
29294.8187006369, 0.0946777002732946
29294.8197766136, 0.0946781256035735
29294.8208521975, 0.0946784709267418
29294.821927434, 0.0946787318963019
29294.8230023792, 0.0946789050595336
29294.8240771161, 0.0946789878897908
29294.8251517191, 0.0946789788029175
29294.8262262813, 0.0946788771731204
29294.8273009155, 0.0946786833305697
29294.8283756964, 0.0946783985666365
29294.8294507137, 0.0946780251154278
29294.8305260504, 0.0946775661337864
29294.831601785, 0.0946770256699579
29294.8326779696, 0.0946764086363009
29294.8337546299, 0.0946757207676481
29294.8348317956, 0.0946749685471157
29294.8359094495, 0.0946741591764092
29294.8369875875, 0.0946733004625509
29294.8380661626, 0.0946724007801041
29294.8391451179, 0.094671468959892
29294.8402243575, 0.0946705142215515
29294.8413038184, 0.0946695460109644
29294.8423833917, 0.0946685739666904
29294.8434629603, 0.0946676077805973
29294.8445424437, 0.0946666570501835
29294.8456217216, 0.0946657312400172
29294.8467006992, 0
29294.8477792891, 0
29294.8488574483, 0
29294.8499351084, 0
29294.8510122344, 0
29294.8520888269, 0
29294.8531648796, 0
29294.8542404357, 0
29294.8553155515, 0
29294.8563902833, 0
29294.8574647133, 0
29294.858538929, 0
29294.8596130396, 0
29294.8606871348, 0
29294.8617613216, 0
29294.8628356968, 0
29294.8639103439, 0
29294.8649853344, 0
29294.8660607311, 0
29294.8671365967, 0
29294.8682129283, 0
29294.8692897245, 0
29294.8703669561, 0
29294.8714445935, 0.094664695630503
29294.8725225749, 0.0946654994063195
29294.8736008215, 0.0946663209158066
29294.8746792434, 0.0946671506110623
29294.8757577428, 0.0946679788433342
29294.8768362307, 0.09466879598234
29294.8779146037, 0.0946695925057394
29294.8789927738, 0.094670359128
29294.8800706663, 0.0946710869003608
29294.8811482296, 0.0946717673139857
29294.8822254033, 0.0946723923712174
29294.8833021561, 0.0946729546951664
29294.8843784844, 0.094673447601974
29294.8854543925, 0.0946738651576174
29294.8865299164, 0.0946742022457114
29294.8876050975, 0.0946744546052199
29294.8886800004, 0.0946746188752817
29294.8897546897, 0.0946746926202109
29294.8908292608, 0.0946746743526684
29294.8919038003, 0.0946745635412189
29294.8929784033, 0.0946743606149158
29294.8940531703, 0.0946740669555405
29294.8951281802, 0.0946736848912943
29294.8962035136, 0.0946732176698123
29294.8972792427, 0.0946726694291849
29294.8983554241, 0.0946720451619759
29294.8994320937, 0.0946713506726769
29294.9005092694, 0.0946705925211964
29294.9015869427, 0.0946697779658829
29294.9026650928, 0.0946689148816646
29294.903743681, 0.0946680116836828
29294.9048226524, 0.0946670772390431
29294.905901913, 0.0946661207937915
29294.9069813642, 0.0946651518445524
29294.9080609231, 0.0946641800151558
29294.9091404699, 0.0946632149976898
29294.910219908, 0.0946622663910687
29294.9112991336, 0.00670102014349503
29294.912378053, 0
29294.913456579, 0
29294.9145346581, 0
29294.9156122337, 0
29294.9166892851, 0
29294.9177657895, 0
29294.9188417718, 0
29294.9199172631, 0
29294.9209923097, 0
29294.9220669808, 0
29294.9231413552, 0
29294.9242155359, 0
29294.925289611, 0
29294.9263636931, 0
29294.9274378672, 0
29294.9285122449, 0
29294.9295869072, 0
29294.9306619318, 0
29294.931737374, 0
29294.9328132701, 0
29294.9338896457, 0
29294.9349664888, 0
29294.9360437802, 0
29294.9371214686, 0.0946604762052086
29294.9381994959, 0.0946612820847871
29294.9392777627, 0.0946621047461575
29294.9403562053, 0.0946629346478571
29294.9414347132, 0.0946637621287093
29294.9425132022, 0.0946645775697187
29294.9435915747, 0.0946653714712806
29294.9446697362, 0.0946661345709501
29294.9457476144, 0.0946668579600724
29294.9468251495, 0.0946675331723616
29294.9479022953, 0.0946681522759523
29294.9489790237, 0.0946687079594227
29294.9500553252, 0.0946691936069216
29294.9511312154, 0.0946696033666359
29294.952206719, 0.0946699322003705
29294.953281888, 0.0946701759375912
29294.9543567755, 0.0946703313058173
29294.9554314579, 0.0946703959648072
29294.9565060271, 0.0946703685212821
29294.9575805687, 0.094670248539594
29294.9586551656, 0.094670036547452
29294.9597299267, 0.0946697340216196
29294.9608049345, 0.0946693433823853
29294.9618802701, 0.0946688679669699
29294.9629560038, 0.0946683120000698
29294.9640321956, 0.094667680553667
29294.9651088781, 0.0946669795095094
29294.9661860675, 0.0946662154981826
29294.9672637749, 0.0946653958251552
29294.9683419507, 0.094664528441207
29294.969420558, 0.0946636218071972
29294.9704995297, 0.0946626848386725
29294.9715787863, 0.0946617267974431
29294.9726582395, 0.0946607571882727
29294.9737377723, 0.0946597856730765
29294.9748172963, 0.0946588219128026
29294.9758966849, 0.0946578755192964
29294.9769758575, 0
29294.9780547019, 0
29294.9791331512, 0
29294.9802111515, 0
29294.9812886354, 0
29294.9823655916, 0
29294.9834420154, 0
29294.9845179143, 0
29294.9855933283, 0
29294.9866682921, 0
29294.9877428899, 0
29294.9888172119, 0
29294.9898913363, 0
29294.9909653696, 0
29294.9920394249, 0
29294.9931135968, 0
29294.994187988, 0
29294.9952626746, 0
29294.9963377328, 0
29294.9974132205, 0
29294.9984891678, 0
29294.9995655967, 0
29295.0006424979, 0
29295.0017198457, 0.0708425909656123
29295.0027975894, 0.0946562565022867
29295.0038756605, 0.0946570643862172
29295.0049539749, 0.0946578881206707
29295.0060324441, 0.094658718132849
29295.0071109732, 0.0946595447715258
29295.0081894764, 0.0946603584253155
29295.0092678536, 0.0946611496117908
29295.0103460183, 0.0946619091038632
29295.0114238922, 0.0946626280277395
29295.0125014331, 0.0946632979765289
29295.0135785761, 0.0946639110632279
29295.0146552992, 0.0946644600453134
29295.0157316034, 0.0946649383836746
29295.0168074986, 0.0946653403009587
29295.0178830101, 0.0946656608423703
29295.0189581859, 0.0946658959242265
29295.0200330767, 0.0946660423661478
29295.0211077621, 0.0946660979234859
29295.0221823472, 0.0946660612984141
29295.0232568994, 0.0946659321521562
29295.0243315276, 0.0946657111043127
29295.0254063198, 0.0946653997289312
29295.0264813626, 0.09466500053835
29295.0275567507, 0.0946645169526116
29295.0286325388, 0.0946639532876695
29295.0297087843, 0.094663314698381
29295.0307855144, 0.0946626071463005
29295.0318627535, 0.0946618373260815
29295.0329404929, 0.0946610126205027
29295.0340187059, 0.0946601410175178
29295.0350973476, 0.0946592310295673
29295.0361763345, 0.0946582916230966
29295.0372556054, 0.0946573320711911
29295.0383350535, 0.0946563619118173
29295.0394145827, 0.0946553907947065
29295.040494074, 0.0946544284039398
29295.0415734373, 0.0946534843040706
29295.042652572, 0
29295.0437313709, 0
29295.0448097644, 0
29295.0458876963, 0
29295.0469651144, 0
29295.0480419927, 0
29295.0491183393, 0
29295.0501941455, 0
29295.0512694672, 0
29295.0523443548, 0
29295.053418873, 0
29295.0544931184, 0
29295.0555671962, 0
29295.0566411792, 0
29295.0577151977, 0
29295.0587893525, 0
29295.0598637286, 0
29295.060938435, 0
29295.0620135205, 0
29295.0630890554, 0
29295.0641650496, 0
29295.0652415283, 0
29295.0663184759, 0
29295.0673958649, 0.0946512510249869
29295.0684736441, 0.0946520364977549
29295.0695517444, 0.094652846291557
29295.0706300835, 0.0946536709961385
29295.0717085629, 0.0946545010198179
29295.0727871074, 0.0946553267255532
29295.0738656057, 0.094656138492423
29295.0749439839, 0.0946569268778988
29295.0760221428, 0.0946576826758363
29295.0771000227, 0.0946583970646856
29295.078177547, 0.0946590616643446
29295.0792546733, 0.0946596686609041
29295.0803313856, 0.0946602108802236
29295.0814076749, 0.0946606818504843
29295.0824835488, 0.0946610758734226
29295.0835590295, 0.0946613880794487
29295.0846341838, 0.094661614479476
29295.0857090608, 0.0946617519835961
29295.0867837473, 0.0946617984406363
29295.0878583315, 0.0946617526473122
29295.0889329111, 0.0946616143580607
29295.0900075791, 0.0946613842865874
29295.0910824158, 0.0946610641024518
29295.0921575336, 0.0946606563996129
29295.0932329958, 0.0946601646967486
29295.0943088724, 0.0946595933876397
29295.0953852247, 0.0946589477026922
29295.0964620577, 0.0946582336908412
29295.0975393798, 0.0946574581282633
29295.0986172021, 0.0946566284463143
29295.0996954806, 0.0946557527007647
29295.1007741743, 0.0946548394472223
29295.1018532144, 0.0946538976754476
29295.1029325248, 0.0946529366978103
29295.1040119961, 0.0946519660710206
29295.1050915278, 0.0946509954543078
29295.1061710241, 0.0946500345057695
29295.1072503774, 0.0946490927899817
29295.1083294882, 0
29295.1094082719, 0
29295.1104866298, 0
29295.1115645123, 0
29295.1126418653, 0
29295.1137186738, 0
29295.1147949398, 0
29295.1158706667, 0
29295.1169459154, 0
29295.1180207258, 0
29295.1190951896, 0
29295.1201693891, 0
29295.1212434032, 0
29295.1223173746, 0
29295.1233913863, 0
29295.1244655456, 0
29295.1255399538, 0
29295.1266146918, 0
29295.1276898178, 0
29295.1287653812, 0
29295.1298414136, 0
29295.1309179267, 0
29295.1319949076, 0
29295.133072312, 0.0946470279486286
29295.1341501019, 0.0946478161503655
29295.1352282037, 0.0946486277480565
29295.136306538, 0.0946494533132276
29295.1373850167, 0.0946502832521468
29295.1384635548, 0.0946511079209646
29295.1395420598, 0.0946519177235687
29295.1406204303, 0.0946527032177499
29295.1416985745, 0.0946534552346493
29295.1427764317, 0.0946541649935722
29295.1438539366, 0.0946548241721161
29295.1449310479, 0.0946554250147434
29295.1460077371, 0.0946559604067452
29295.1470839858, 0.094656423947407
29295.1481598094, 0.0946568100243423
29295.1492352621, 0.0946571138633605
29295.1503103858, 0.0946573315555151
29295.1513852483, 0.0946574601064134
29295.1524599374, 0.0946574974565351
29295.1535345346, 0.0946574424962494
29295.1546091248, 0.0946572950776099
29295.1556838313, 0.0946570560044391
29295.1567587381, 0.0946567270340842
29295.1578339279, 0.0946563108589396
29295.158909479, 0.0946558110799886
29295.1599854559, 0.0946552321761435
29295.1610618916, 0.0946545794743651
29295.1621388264, 0.0946538590767234
29295.1632162574, 0.0946530778327057
29295.1642941658, 0.0946522432571286
29295.1653725252, 0.0946513634465639
29295.1664512943, 0.0946504470010648
29295.1675303858, 0.0946495029621385
29295.1686097304, 0.0946485406619948
29295.1696892346, 0.0946475696582724
29295.1707687955, 0.0946465996167698
29295.1718482941, 0.0946456402105385
29295.1729276455, 0.0946447009671203
29295.1740067413, 0
29295.1750855023, 0
29295.1761638375, 0
29295.1772416887, 0
29295.1783190097, 0
29295.1793957784, 0
29295.1804720092, 0
29295.1815477027, 0
29295.1826229105, 0
29295.1836976924, 0
29295.1847721277, 0
29295.185846321, 0
29295.18692034, 0
29295.1879943226, 0
29295.1890683604, 0
29295.1901425621, 0
29295.1912170135, 0
29295.1922917839, 0
29295.1933669511, 0
29295.1944425483, 0
29295.1955186131, 0
29295.1965951611, 0
29295.1976721721, 0
29295.1987496036, 0.0946428046193683
29295.1998274212, 0.0946435954681981
29295.2009055536, 0.0946444087937377
29295.20198391, 0.0946452351393114
29295.2030624122, 0.094646064909714
29295.2041409458, 0.0946468884397073
29295.2052194505, 0.0946476961701129
29295.2062978209, 0.0946484786778883
29295.2073759714, 0.0946492268303336
29295.2084538305, 0.0946499318806086
29295.2095313195, 0.0946505855495383
29295.210608407, 0.0946511801487138
29295.2116850636, 0.0946517086313925
29295.212761285, 0.0946521646783186
29295.213837097, 0.0946525427595383
29295.2149125162, 0.0946528381737514
29295.2159875908, 0.0946530471083858
29295.2170624232, 0.0946531666689042
29295.2181370955, 0.094653194887035
29295.2192116963, 0.0946531307464207
29295.2202863154, 0.0946529741907593
29295.2213610555, 0.0946527261199105
29295.2224360051, 0.0946523883841296
29295.2235112511, 0.0946519637647803
29295.2245868733, 0.0946514559485411
29295.2256629284, 0.0946508695008699
29295.2267394442, 0.0946502098308871
29295.2278164503, 0.0946494831218557
29295.228893967, 0.0946486962747406
29295.2299719472, 0.0946478568845423
29295.231050379, 0.0946469730892748
29295.2321292032, 0.0946460535473485
29295.2332083422, 0.0946451073267698
29295.2342877152, 0.0946441437941952
29295.2353672338, 0.0946431725169914
29295.2364467885, 0.0946422031703449
29295.2375262752, 0.0946412454062175
29295.2386056015, 0.0946403087411397
29295.2396846596, 0
29295.2407633592, 0
29295.241841631, 0
29295.2429194197, 0
29295.2439966752, 0
29295.2450733881, 0
29295.2461495623, 0
29295.2472252244, 0
29295.2483004222, 0
29295.249375196, 0
29295.2504496371, 0
29295.2515238408, 0
29295.2525979053, 0
29295.2536719403, 0
29295.2547460299, 0
29295.255820277, 0
29295.2568947767, 0
29295.2579695994, 0
29295.2590448127, 0
29295.2601204663, 0
29295.2611965802, 0
29295.2622731544, 0
29295.2633502088, 0
29295.2644276871, 0.0946385809077775
29295.2655055414, 0.0946393743087426
29295.2665837084, 0.0946401892608482
29295.267662108, 0.0946410162975131
29295.2687406484, 0.0946418458050791
29295.2698192296, 0.0946426681315918
29295.270897768, 0.0946434737124843
29295.2719761613, 0.0946442531501932
29295.2730543229, 0.0946449973449827
29295.2741321666, 0.0946456975839619
29295.2752096416, 0.0946463456595383
29295.2762867126, 0.0946469339408543
29295.2773633517, 0.094647455450013
29295.2784395584, 0.0946479039439884
29295.2795153365, 0.0946482739661479
29295.2805907419, 0.0946485609146758
29295.2816658382, 0.0946487610647123
29295.2827406787, 0.0946488716029687
29295.2838153547, 0.0946488906600834
29295.2848899529, 0.0946488173180908
29295.2859645787, 0.0946486516166519
29295.2870393311, 0.0946483945508944
29295.2881143088, 0.0946480480610478
29295.2891895868, 0.0946476150223293
29295.290265234, 0.0946470992152295
29295.2913413163, 0.0946465052859779
29295.2924178706, 0.0946458387167539
29295.2934949239, 0.0946451057638375
29295.2945724672, 0.0946443134154823
29295.2956504912, 0.0946434692983911
29295.2967289518, 0.0946425816260075
29295.2978077995, 0.0946416590915671
29295.2988869591, 0.0946407107935841
29295.2999663383, 0.0946397461318581
29295.3010458532, 0.0946387746824887
29295.3021253955, 0.0946378061216963
29295.3032048597, 0.0946368500945066
29295.3042841441, 0.094635916106308
29295.3053631532, 0
29295.3064417912, 0
29295.307519996, 0
29295.3085977042, 0
29295.3096748892, 0
29295.3107515428, 0
29295.311827653, 0
29295.3129032643, 0
29295.3139784012, 0
29295.3150531421, 0
29295.3161275745, 0
29295.3172017864, 0
29295.3182758603, 0
29295.3193498938, 0
29295.3204239927, 0
29295.3214982561, 0
29295.3225727875, 0
29295.3236476382, 0
29295.3247228995, 0
29295.3257985819, 0
29295.3268747315, 0
29295.3279513597, 0
29295.3290284456, 0
29295.3301059457, 0.0946343568664392
29295.3311838244, 0.0946351527225597
29295.3322620073, 0.0946359691970998
29295.3333404279, 0.0946367968168958
29295.334418986, 0.0946376259554128
29295.3354975878, 0.0946384469687676
29295.3365761244, 0.0946392502872071
29295.3376545021, 0.0946400265447861
29295.3387326504, 0.0946407666877329
29295.3398104755, 0.0946414620415183
29295.3408879287, 0.0946421044526087
29295.3419649677, 0.094642686347618
29295.3430415692, 0.0946432008208922
29295.3441177283, 0.0946436417041346
29295.3451934728, 0.0946440036316416
29295.346268844, 0.0946442820814326
29295.3473439035, 0.0946444734190998
29295.3484187238, 0.0946445749269212
29295.3494933949, 0.0946445848271979
29295.3505679932, 0.0946445022963689
29295.3516426287, 0.0946443274690586
29295.352717394, 0.0946440614363381
29295.3537923822, 0.0946437062345733
29295.3548676716, 0.0946432648303615
29295.3559433457, 0.0946427410848679
29295.3570194494, 0.0946421397377538
29295.3580960297, 0.0946414663443848
29295.3591731065, 0.0946407272381742
29295.3602506856, 0.0946399294621368
29295.3613287436, 0.094639080710731
29295.3624072406, 0.0946381892439952
29295.3634861007, 0.0946372638190071
29295.364565269, 0.0946363135494107
29295.3656446603, 0.0946353478498682
29295.3667241843, 0.0946343763138665
29295.3678037111, 0.0946334086381164
29295.3688831465, 0.0946324544477828
29295.369962383, 0.0946315232329939
29295.3710413381, 0
29295.3721199138, 0
29295.3731980368, 0
29295.3742756775, 0
29295.3753527712, 0
29295.3764293236, 0
29295.3775053456, 0
29295.3785808774, 0
29295.379655934, 0
29295.3807306169, 0
29295.3818049872, 0
29295.3828791499, 0
29295.3839531797, 0
29295.3850271811, 0
29295.3861012714, 0
29295.3871755396, 0
29295.388250073, 0
29295.3893249391, 0
29295.3904002111, 0
29295.3914759229, 0
29295.3925520966, 0
29295.3936287351, 0
29295.3947058394, 0
29295.3957833726, 0.0946301324737434
29295.3968612774, 0.0946309307058967
29295.3979394812, 0.0946317486261698
29295.399017899, 0.0946325767306612
29295.4000964557, 0.0946334054057131
29295.4011750394, 0.0946342249981854
29295.4022535586, 0.0946350259667015
29295.4033319178, 0.0946357989687846
29295.4044100154, 0.0946365349644239
29295.4054877965, 0.0946372253518087
29295.4065652032, 0.0946378620242163
29295.4076421806, 0.094638437464072
29295.4087187103, 0.094638944839964
29295.4097948121, 0.0946393780710223
29295.4108705005, 0.0946397318665895
29295.4119458118, 0.0946400017905069
29295.4130208244, 0.0946401843027019
29295.4140956021, 0.094640276776192
29295.4151702502, 0.0946402775279564
29295.4162448323, 0.0946401858287371
29295.4173194685, 0.0946400019067771
29295.4183942453, 0.0946397269474696
29295.4194692541, 0.0946393630801042
29295.4205445802, 0.094638913358121
29295.4216202896, 0.094638381736702
29295.4226964467, 0.0946377730280672
29295.423773086, 0.0946370928708077
29295.4248502187, 0.0946363476758416
29295.4259278488, 0.0946355445534938
29295.4270059447, 0.0946346912630175
29295.4280844915, 0.0946337960936608
29295.4291634151, 0.0946328678398831
29295.430242634, 0.0946319156686859
29295.4313220553, 0.0946309490235989
29295.4324015787, 0.0946299775178756
29295.4334811185, 0.0946290108085637
29295.4345605456, 0.0946280585413911
29295.4356397662, 0.0946271301731195
29295.4367186926, 0
29295.4377972286, 0
29295.4388753028, 0
29295.4399528655, 0
29295.4410298802, 0
29295.4421063417, 0
29295.4431822732, 0
29295.4442576888, 0
29295.445332662, 0
29295.4464072658, 0
29295.4474815764, 0
29295.4485556758, 0
29295.4496296669, 0
29295.450703655, 0
29295.4517777316, 0
29295.4528519979, 0
29295.453926525, 0
29295.4550014142, 0
29295.4560766961, 0
29295.4571524296, 0
29295.4582286225, 0
29295.459305289, 0
29295.4603824164, 0
29295.4614599511, 0.0946259078303089
29295.462537848, 0.0946267083281046
29295.4636160343, 0.0946275275778123
29295.4646944396, 0.0946283560714818
29295.4657729675, 0.0946291841743218
29295.4668515175, 0.0946300022478965
29295.4679299869, 0.0946308007587134
29295.4690082955, 0.0946315704024614
29295.4700863491, 0.0946323021805086
29295.4711640682, 0.0946329875204071
29295.4722414041, 0.094633618377728
29295.473318318, 0.0946341873072239
29295.4743947967, 0.0946346875488384
29295.4754708395, 0.0946351130883978
29295.4765464696, 0.0946354587222257
29295.4776217409, 0.0946357201053925
29295.4786967158, 0.0946358937828586
29295.4797714565, 0.0946359772217938
29295.4808460673, 0.0946359688355306
29295.4819206484, 0.0946358679878108
29295.4829952989, 0.0946356749996974
29295.4840700971, 0.0946353911520311
29295.485145143, 0.0946350186637403
29295.4862205169, 0.0946345606787232
29295.4872962935, 0.0946340212331064
29295.4883725098, 0.0946334052350486
29295.4894492164, 0.094632718391753
29295.4905264252, 0.0946319671836774
29295.4916041381, 0.0946311587855324
29295.4926823218, 0.0946303010139801
29295.493760924, 0.0946294022376284
29295.4948399006, 0.0946284712667479
29295.4959191645, 0.0946275173028638
29295.496998635, 0.0946265497984781
29295.4980781922, 0.0946255783937419
29295.4991577377, 0.0946246127564268
29295.5002371814, 0.0946236624859764
29295.5013163975, 0.0946227370456487
29295.5023952979, 0
29295.503473791, 0
29295.5045518159, 0
29295.5056293203, 0
29295.5067062718, 0
29295.5077826776, 0
29295.5088585375, 0
29295.509933897, 0
29295.5110088131, 0
29295.5120833591, 0
29295.5131576152, 0
29295.5142316739, 0
29295.5153056386, 0
29295.5163795997, 0
29295.517453672, 0
29295.5185279523, 0
29295.5196025187, 0
29295.5206774314, 0
29295.5217527515, 0
29295.5228285165, 0
29295.523904756, 0
29295.5249814557, 0
29295.52605861, 0
29295.5271361665, 0.0946216828436722
29295.5282140772, 0.0946224855226759
29295.5292922705, 0.0946233060180475
29295.5303706738, 0.0946241348056761
29295.5314491874, 0.0946249622444158
29295.5325277204, 0.0946257787096943
29295.5336061668, 0.0946265746827932
29295.5346844347, 0.0946273408787287
29295.5357624478, 0.0946280683495914
29295.5368401344, 0.0946287485741604
29295.5379174346, 0.0946293735560284
29295.5389943094, 0.0946299359138992
29295.5400707489, 0.094630428960448
29295.541146748, 0.0946308467577954
29295.5422223623, 0.0946311841953807
29295.543297609, 0.094631437002403
29295.5443725623, 0.0946316018189946
29295.5454473031, 0.0946316762067148
29295.5465219122, 0.0946316586710246
29295.5475964964, 0.0946315486724361
29295.5486711533, 0.0946313466283383
29295.5497459824, 0.0946310539084765
29295.55082106, 0.0946306728291415
29295.5518964793, 0.0946302066193516
29295.5529723064, 0.0946296594041916
29295.5540485865, 0.0946290361684486
29295.555125361, 0.0946283426997923
29295.5562026355, 0.0946275855532935
29295.5572804079, 0.0946267719705083
29295.5583586539, 0.0946259098168868
29295.5594373187, 0.0946250075096593
29295.5605163475, 0.0946240739066048
29295.5615956513, 0.0946231182401559
29295.562675135, 0.0946221499946705
29295.5637547047, 0.0946211787960111
29295.5648342495, 0.0946202143207493
29295.5659136705, 0.0946192661637733
29295.5669928545, 0.0163508555239583
29295.5680717163, 0
29295.5691501688, 0
29295.5702281458, 0
29295.571305597, 0
29295.5723825058, 0
29295.5734588566, 0
29295.5745346655, 0
29295.5756099813, 0
29295.5766848578, 0
29295.5777593616, 0
29295.5788335757, 0
29295.5799076076, 0
29295.580981553, 0
29295.5820555218, 0
29295.5831296013, 0
29295.5842038858, 0
29295.5852784635, 0
29295.5863534072, 0
29295.5874287666, 0
29295.5885045832, 0
29295.5895808671, 0
29295.5906576222, 0
29295.591734822, 0
29295.5928124266, 0.0946174574292414
29295.5938903855, 0.0946182622084198
29295.5949686254, 0.0946190838711996
29295.5960470538, 0.094619912864601
29295.5971255803, 0.0946207395514231
29295.5982041096, 0.0946215543115901
29295.5992825556, 0.0946223476594477
29295.6003608172, 0.0946231103313637
29295.6014388221, 0.0946238334202508
29295.6025164952, 0.0946245084502174
29295.6035937912, 0.0946251274896107
29295.6046706668, 0.0946256832173247
29295.6057471037, 0.0946261690130413
29295.6068231162, 0.0946265790241072
29295.6078987192, 0.0946269082086595
29295.608973973, 0.0946271523981645
29295.6100489314, 0.0946273083178899
29295.6111236819, 0.0946273736245035
29295.6121983102, 0.09462734691827
29295.6132729091, 0.0946272277563669
29295.6143475897, 0.0946270166509881
29295.6154224428, 0.0946267150681287
29295.6164975525, 0.094626325414753
29295.617573006, 0.094625851011386
29295.6186488787, 0.0946252960642312
29295.6197252091, 0.0946246656417766
29295.6208020437, 0.0946239656036467
29295.6218793938, 0.0946232025686864
29295.6229572401, 0.0946223838525296
29295.624035545, 0.0946215173865747
29295.6251142544, 0.0946206116359548
29295.626193322, 0.0946196754890006
29295.6272726525, 0.0946187182119643
29295.6283521407, 0.0946177493166452
29295.6294316942, 0.0946167784351365
29295.6305112118, 0.0946158152323905
29295.6315905949, 0.0946148692889147
29295.6326697303, 0
29295.6337485311, 0
29295.6348269199, 0
29295.6359048415, 0
29295.6369822416, 0
29295.6380591001, 0
29295.6391354138, 0
29295.6402111963, 0
29295.6412864692, 0
29295.6423613076, 0
29295.6434357723, 0
29295.6445099552, 0
29295.6455839538, 0
29295.6466578657, 0
29295.6477318052, 0
29295.6488058696, 0
29295.6498801466, 0
29295.6509547277, 0
29295.6520297002, 0
29295.6531050918, 0
29295.6541809599, 0
29295.6552573065, 0
29295.6563341339, 0
29295.657411409, 0.0596673255248479
29295.6584890896, 0.0946132315865235
29295.6595671085, 0.0946140383760965
29295.6606453876, 0.0946148610998775
29295.6617238484, 0.0946156902032022
29295.6628024023, 0.0946165160483435
29295.6638809319, 0.0946173290072377
29295.6649593666, 0.0946181196256874
29295.6660376138, 0.0946188786760418
29295.6671155997, 0.0946195972892658
29295.6681932416, 0.0946202670334888
29295.6692705082, 0.0946208800435395
29295.6703473661, 0.09462142906803
29295.6714237909, 0.0946219075539651
29295.6724997884, 0.0946223097233656
29295.6735754001, 0.0946226306262908
29295.6746506613, 0.0946228661727126
29295.6757256441, 0.0946230131823019
29295.6768004261, 0.0946230694021727
29295.6778750907, 0.094623033527431
29295.6789497388, 0.0946229052098601
29295.6800244634, 0.0946226850595896
29295.6810993588, 0.0946223746383935
29295.6821745414, 0.0946219764337921
29295.6832500616, 0.0946214938671959
29295.6843259979, 0.0946209312309754
29295.6854024085, 0.0946202936633005
29295.6864793136, 0.0946195871145204
29295.6875567259, 0.0946188182735734
29295.6886346323, 0.0946179945143619
29295.6897129969, 0.0946171238215054
29295.6907917613, 0.0946162147091527
29295.6918708579, 0.0946152761214645
29295.6929502077, 0.0946143173382565
29295.6940297122, 0.0946133478823103
29295.6951092793, 0.0946123773919273
29295.6961887876, 0.0946114155461642
29295.6972681439, 0.094610471905802
29295.6983472429, 0
29295.6994259988, 0
29295.7005043439, 0
29295.7015822231, 0
29295.7026595712, 0
29295.7037363839, 0
29295.7048126434, 0
29295.7058883834, 0
29295.7069636273, 0
29295.7080384366, 0
29295.7091128802, 0
29295.7101870332, 0
29295.7112610083, 0
29295.7123349096, 0
29295.7134088454, 0
29295.7144829044, 0
29295.7155572054, 0
29295.7166318167, 0
29295.7177068269, 0
29295.7187822696, 0
29295.7198581981, 0
29295.7209346156, 0
29295.7220115091, 0
29295.7230888382, 0.0946082209746957
29295.7241665881, 0.0946090052999033
29295.7252446593, 0.094609814007552
29295.7263229892, 0.094610637713031
29295.7274014835, 0.0946114668379923
29295.7284800513, 0.0946122917419352
29295.7295585953, 0.0946131028216932
29295.7306370276, 0.0946138906301592
29295.7317152468, 0.0946146459644558
29295.7327931835, 0.0946153600005389
29295.7338707801, 0.0946160243736487
29295.7349479987, 0.0946166312719647
29295.736024791, 0.0946171735033715
29295.7371011688, 0.0946176446064493
29295.7381771299, 0.0946180388763423
29295.7392527133, 0.0946183514451316
29295.7403279713, 0.0946185783136048
29295.7414029651, 0.094618716387449
29295.7424777721, 0.0946187635058322
29295.743552483, 0.0946187184569087
29295.7446271928, 0.0946185809856386
29295.7457019819, 0.0946183517987194
29295.7467769586, 0.0946180325483043
29295.7478522099, 0.0946176258233864
29295.7489278273, 0.0946171351185481
29295.7500038553, 0.0946165648250079
29295.7510803567, 0.0946159201606232
29295.7521573425, 0.0946152071577893
29295.7532348286, 0.0946144325738085
29295.7543127961, 0.0946136038498829
29295.755391211, 0.0946127290240486
29295.7564700229, 0.0946118166494278
29295.7575491617, 0.0946108757079445
29295.7586285432, 0.0946099155100769
29295.7597080696, 0.0946089455939569
29295.760787647, 0.0946079756046327
29295.7618671655, 0.0946070152056362
29295.7629465172, 0.0946060739547963
29295.764025608, 0
29295.7651043534, 0
29295.7661826793, 0
29295.7672605163, 0
29295.7683378247, 0
29295.7694145833, 0
29295.770490804, 0
29295.7715664896, 0
29295.7726416943, 0
29295.7737164743, 0
29295.7747908947, 0
29295.7758650434, 0
29295.7769390262, 0
29295.7780129448, 0
29295.779086904, 0
29295.7801609978, 0
29295.7812353289, 0
29295.7823099874, 0
29295.7833850456, 0
29295.784460545, 0
29295.7855365223, 0
29295.7866129816, 0
29295.7876899214, 0
29295.7887673151, 0.094603991647997
29295.789845098, 0.0946047787169439
29295.7909232033, 0.0946055892504082
29295.7920015539, 0.0946064138322033
29295.7930800472, 0.0946072428673228
29295.7941585972, 0.0946080667195128
29295.7952371102, 0.094608875799677
29295.796315495, 0.0946096606803518
29295.797393663, 0.0946104121998999
29295.7984715352, 0.0946111215695907
29295.7995490587, 0.0946117804790962
29295.8006261877, 0.0946123811725656
29295.8017029068, 0.0946129165431229
29295.8027792052, 0.0946133801910053
29295.8038551011, 0.0946137664997753
29295.8049306333, 0.0946140706840653
29295.8060058516, 0.0946142888310726
29295.8070808135, 0.0946144179371107
29295.8081556051, 0.0946144559354587
29295.8092303123, 0.0946144017080209
29295.8103050364, 0.0946142550934944
29295.8113798645, 0.0946140168896529
29295.8124548986, 0.0946136888402414
29295.8135302099, 0.0946132736298881
29295.8146058776, 0.0946127748486064
29295.8156819685, 0.0946121969629856
29295.8167585194, 0.0946115452854126
29295.817835548, 0.0946108259210348
29295.8189130757, 0.0946100456919512
29295.8199910959, 0.0946092120902286
29295.8210695512, 0.0946083332243967
29295.822148398, 0.0946074176868241
29295.8232275654, 0.0946064744946632
29295.8243069735, 0.094605512979561
29295.8253865162, 0.0946045427014111
29295.8264661022, 0.094603573307095
29295.8275456181, 0.0946026144567707
29295.8286249572, 0.0946016756901038
29295.8297040327, 0
29295.8307827412, 0
29295.8318610283, 0
29295.8329388165, 0
29295.8340160733, 0
29295.8350927807, 0
29295.8361689422, 0
29295.8372445736, 0
29295.8383197211, 0
29295.8393944432, 0
29295.840468827, 0
29295.8415429498, 0
29295.8426169153, 0
29295.8436908221, 0
29295.8447647961, 0
29295.8458389032, 0
29295.8469132627, 0
29295.8479879522, 0
29295.8490630459, 0
29295.850138585, 0
29295.8512145913, 0
29295.8522910956, 0
29295.8533680758, 0
29295.854445495, 0.0945997618270922
29295.8555233, 0.0946005515362935
29295.8566014218, 0.0946013637859562
29295.8576797812, 0.0946021891390123
29295.8587582803, 0.0946030179949554
29295.8598368396, 0.0946038407237088
29295.8609153436, 0.0946046477313239
29295.8619936966, 0.094605429609579
29295.863071827, 0.0946061772423088
29295.8641496456, 0.0946068818762466
29295.8652271051, 0.0946075352572126
29295.8663041682, 0.0946081296948443
29295.8673808128, 0.094608658146642
29295.8684570446, 0.0946091142954896
29295.8695328765, 0.094609492601934
29295.8706083476, 0.09460978836597
29295.8716835172, 0.0946099977656933
29295.8727584453, 0.0946101178880011
29295.8738332071, 0.0946101467582606
29295.8749078984, 0.094610083353395
29295.8759826088, 0.0946099276080536
29295.8770574405, 0.0946096804121434
29295.8781324709, 0.0946093436090029
29295.8792077939, 0.0946089199680441
29295.8802834683, 0.0946084131754137
29295.8813595646, 0.0946078277815816
29295.8824361288, 0.0946071691731546
29295.8835131839, 0.094606443523892
29295.8845907323, 0.0946056577351097
29295.8856687613, 0.0946048193641963
29295.8867472371, 0.094603936552813
29295.8878260982, 0.0946030179498048
29295.8889052661, 0.0946020726129172
29295.8899846716, 0.0946011098879755
29295.8910642133, 0.0946001393438075
29295.8921437833, 0.0945991706453443
29295.8932232727, 0.0945982134411427
29295.8943025842, 0.0945972772446255
29295.8953816053, 0
29295.8964602711, 0
29295.8975384813, 0
29295.8986161887, 0
29295.899693379, 0
29295.9007700152, 0
29295.901846097, 0
29295.9029216555, 0
29295.9039967375, 0
29295.905071411, 0
29295.906145737, 0
29295.9072198201, 0
29295.9082937561, 0
29295.9093676575, 0
29295.9104416199, 0
29295.9115157373, 0
29295.9125901153, 0
29295.9136648398, 0
29295.914739964, 0
29295.9158155434, 0
29295.9168916205, 0
29295.9179681715, 0
29295.9190451957, 0
29295.920122658, 0.0945955316328841
29295.9212005123, 0.0945963238991279
29295.9222786698, 0.0945971377742382
29295.9233570514, 0.0945979638023916
29295.9244355644, 0.0945987923788344
29295.9255141192, 0.0945996138684344
29295.9265926015, 0.0946004186916943
29295.9276709366, 0.0946011974796678
29295.9287490352, 0.0946019411368856
29295.9298268209, 0.0946026409625536
29295.9309042475, 0.0946032887548613
29295.9319812716, 0.0946038768802989
29295.9330578927, 0.0946043983750325
29295.9341340883, 0.0946048469825748
29295.9352098987, 0.0946052172552674
29295.9362853484, 0.0946055045721109
29295.9373604927, 0.0946057052003574
29295.9384353985, 0.0946058163214495
29295.9395101474, 0.0946058360551557
29295.9405848266, 0.0946057634734021
29295.9416595259, 0.0946055986074736
29295.9427343378, 0.0946053424458687
29295.9438093591, 0.094604996921797
29295.944884668, 0.0946045649008841
29295.9459603358, 0.0946040501527509
29295.9470364401, 0.0946034573062107
29295.9481130047, 0.094602791838371
29295.9491900667, 0.094602059987345
29295.9502676363, 0.0946012687136313
29295.951345676, 0.0946004256510539
29295.9524241612, 0.0945995389851843
29295.9535030279, 0.0945986174086435
29295.9545821969, 0.0945976700121954
29295.9556616003, 0.0945967061630315
29295.956741116, 0.0945957354612598
29295.9578206566, 0.0945947675554128
29295.9589001044, 0.0945938120932673
29295.959979351, 0.094592878578684
29295.9610583105, 0
29295.9621368834, 0
29295.963215014, 0
29295.9642926474, 0
29295.9653697418, 0
29295.9664462778, 0
29295.9675222683, 0
29295.9685977526, 0
29295.9696727537, 0
29295.970747347, 0
29295.9718216197, 0
29295.9728956586, 0
29295.9739695575, 0
29295.9750434315, 0
29295.9761173742, 0
29295.9771914919, 0
29295.9782658787, 0
29295.9793406303, 0
29295.9804158007, 0
29295.9814914223, 0
29295.9825675441, 0
29295.9836441575, 0
29295.984721251, 0
29295.9857987676, 0.0945913009453356
29295.9868766721, 0.094592095666009
29295.9879548768, 0.0945929110708158
29295.989033298, 0.0945937376831482
29295.9901118543, 0.0945945658999081
29295.991190429, 0.0945953860683376
29295.9922689207, 0.0945961886328971
29295.9933472517, 0.0945969642471599
29295.9944253418, 0.0945977038569889
29295.9955031209, 0.0945983988095252
29295.9965805373, 0.0945990409518268
29295.9976575576, 0.0945996227169013
29295.9987341642, 0.0946001372002498
29295.9998103592, 0.0946005782319014
29296.0008861581, 0.0946009404347965
29296.0019616024, 0.0946012192801547
29296.0030367538, 0.0946014111247629
29296.0041116679, 0.0946015132395694
29296.0051864281, 0.094601523839273
29296.0062611183, 0.0946014420919754
29296.00733583, 0.0946012681255128
29296.0084106693, 0.0946010030201558
29296.0094857235, 0.0946006488032412
29296.0105610712, 0.094600208430863
29296.011636779, 0.094599685761985
29296.0127129244, 0.0945990855089749
29296.013789546, 0.0945984132176564
29296.0148666577, 0.0945976752124274
29296.0159442629, 0.094596878525723
29296.0170223419, 0.094596030837098
29296.0181008638, 0.0945951403864325
29296.0191797549, 0.0945942159159306
29296.0202589433, 0.0945932665422547
29296.021338346, 0.0945923016679833
29296.0224178488, 0.094591330897984
29296.0234973625, 0.0945903638834847
29296.024576773, 0.0945894102592854
29296.0256559882, 0.0945884794950363
29296.0267348961, 0
29296.0278134152, 0
29296.0288914776, 0
29296.029969033, 0
29296.0310460403, 0
29296.0321224913, 0
29296.033198397, 0
29296.0342737863, 0
29296.0353487129, 0
29296.0364232302, 0
29296.0374974257, 0
29296.0385714082, 0
29296.0396452578, 0
29296.0407190892, 0
29296.0417930139, 0
29296.0428671412, 0
29296.0439415468, 0
29296.0450163269, 0
29296.0460915333, 0
29296.0471672058, 0
29296.0482433775, 0
29296.0493200493, 0
29296.0503971907, 0
29296.0514747667, 0.0945870699224425
29296.052552711, 0.0945878670067998
29296.0536309421, 0.0945886838397879
29296.0547093947, 0.0945895109423029
29296.0557879594, 0.0945903386836984
29296.0568665357, 0.0945911574284639
29296.0579450321, 0.0945919576436113
29296.059023362, 0.0945927300012399
29296.0601014451, 0.0945934654826804
29296.0611792264, 0.0945941554893685
29296.0622566571, 0.0945947919220316
29296.0633336787, 0.0945953672599591
29296.0644102796, 0.094595874672463
29296.0654864674, 0.0945963080687373
29296.0665622664, 0.0945966621561928
29296.0676377151, 0.0945969324903678
29296.0687128567, 0.0945971155153253
29296.0697877794, 0.0945972086010378
29296.0708625524, 0.0945972100542604
29296.0719372685, 0.09459711913823
29296.073012017, 0.0945969360753699
29296.0740869005, 0.0945966620407695
29296.0751620049, 0.0945962991552491
29296.0762374253, 0.0945958504578526
29296.0773132142, 0.0945953198982091
29296.0783894391, 0.094594712276406
29296.0794661317, 0.0945940332213113
29296.0805433161, 0.0945932891234188
29296.0816209873, 0.0945924870861799
29296.0826991327, 0.0945916348411996
29296.0837776986, 0.0945907406965154
29296.0848566272, 0.0945898134225223
29296.0859358419, 0.0945888621706732
29296.0870152559, 0.094587896367883
29296.0880947549, 0.0945869256298972
29296.0891742606, 0.0945859595978496
29296.0902536614, 0.0945850078938441
29296.0913328454, 0.0945840799836781
29296.0924117097, 0
29296.0934901791, 0
29296.0945681862, 0
29296.09564568, 0
29296.096722619, 0
29296.0977989942, 0
29296.0988748254, 0
29296.099950132, 0
29296.1010249811, 0
29296.1020994294, 0
29296.1031735675, 0
29296.1042474963, 0
29296.105321314, 0
29296.1063951309, 0
29296.1074690573, 0
29296.1085431963, 0
29296.1096176344, 0
29296.1106924548, 0
29296.1117677041, 0
29296.1128434212, 0
29296.1139196286, 0
29296.1149963317, 0
29296.1160734975, 0
29296.117151084, 0.0945828384611641
29296.1182290355, 0.094583637802717
29296.1193072603, 0.0945844559544376
29296.1203856933, 0.0945852834223823
29296.1214642515, 0.0945861105915245
29296.1225428115, 0.0945869278149137
29296.1236212999, 0.0945877255895017
29296.1246996308, 0.094588494613451
29296.1257777229, 0.0945892259022642
29296.1268554846, 0.0945899108788743
29296.1279328701, 0.0945905415036839
29296.1290098506, 0.0945911103378782
29296.1300864172, 0.0945916106212549
29296.1311625704, 0.0945920363355967
29296.1322383225, 0.0945923822672815
29296.133313721, 0.0945926440639326
29296.1343888395, 0.0945928182657406
29296.1354637399, 0.0945929023292775
29296.136538523, 0.0945928946561381
29296.1376132634, 0.0945927946012412
29296.1386880512, 0.0945926024808429
29296.1397629858, 0.0945923195637584
29296.1408381634, 0.0945919480585748
29296.1419136739, 0.094591491093154
29296.1429895674, 0.0945909527025254
29296.1440658988, 0.0945903377745415
29296.145142707, 0.0945896520106481
29296.1462200014, 0.0945889018816669
29296.1472977751, 0.0945880945580121
29296.1483760032, 0.0945872378390209
29296.1494546482, 0.094586340069454
29296.1505336367, 0.0945854100728565
29296.1516128955, 0.094584457028608
29296.1526923409, 0.094583490381451
29296.1537718678, 0.0945825197484504
29296.1548513682, 0.0945815547964979
29296.155930754, 0.0945806051145593
29296.1570099037, 0.0945796801544796
29296.1580887471, 0
29296.159167196, 0
29296.1602451702, 0
29296.1613226322, 0
29296.1623995198, 0
29296.1634758528, 0
29296.164551631, 0
29296.1656268946, 0
29296.1667016981, 0
29296.1677761096, 0
29296.1688502324, 0
29296.1699241562, 0
29296.1709979781, 0
29296.1720718103, 0
29296.173145766, 0
29296.1742199442, 0
29296.1752944196, 0
29296.1763692821, 0
29296.1774445667, 0
29296.1785203359, 0
29296.1795965907, 0
29296.1806733276, 0
29296.1817505119, 0
29296.1828281266, 0.0945786065294218
29296.183906096, 0.0945794080414099
29296.1849843406, 0.0945802274345818
29296.1860627906, 0.0945810551971843
29296.1871413416, 0.0945818816940968
29296.1882199116, 0.0945826973167408
29296.1892984134, 0.0945834925682981
29296.1903767385, 0.094584258157681
29296.1914548168, 0.0945849851465026
29296.1925325672, 0.0945856650114068
29296.1936099441, 0.0945862897674798
29296.1946869121, 0.0945868520350595
29296.1957634492, 0.0945873451193537
29296.1968395732, 0.0945877630887204
29296.1979152982, 0.094588100813091
29296.1989906751, 0.0945883540279197
29296.2000657818, 0.0945885193641644
29296.2011406781, 0.0945885943706111
29296.2022154501, 0.0945885775442321
29296.2032901996, 0.0945884683355101
29296.2043650141, 0.0945882671536137
29296.2054400049, 0.0945879753554713
29296.2065152401, 0.0945875952477827
29296.2075908198, 0.094587130044484
29296.2086667995, 0.0945865838627078
29296.2097432146, 0.0945859616812265
29296.2108201027, 0.0945852692800745
29296.2118974859, 0.0945845131922046
29296.2129753459, 0.0945837006589254
29296.2140536464, 0.094582839545257
29296.2151323518, 0.0945819382430816
29296.2162113899, 0.0945810056141983
29296.2172906861, 0.0945800508686784
29296.2183701409, 0.0945790834843285
29296.219449678, 0.0945781130612472
29296.22052918, 0.094577149272486
29296.2216085538, 0.094576201699147
29296.2226876925, 0.0283686074954064
29296.2237665016, 0
29296.224844889, 0
29296.2259228048, 0
29296.2270001986, 0
29296.2280770506, 0
29296.2291533366, 0
29296.2302290796, 0
29296.2313043308, 0
29296.2323791225, 0
29296.2334535477, 0
29296.234527682, 0
29296.2356016243, 0
29296.2366754862, 0
29296.2377493726, 0
29296.238823382, 0
29296.2398976185, 0
29296.2409721598, 0
29296.2420470781, 0
29296.2431224239, 0
29296.244198236, 0
29296.2452745243, 0
29296.2463512987, 0
29296.2474285254, 0
29296.2485061708, 0.0945743741507831
29296.249584178, 0.0945751777478695
29296.2506624601, 0.0945759982922249
29296.2517409382, 0.0945768262520939
29296.2528195276, 0.0945776520047589
29296.2538981355, 0.0945784659408154
29296.2549766466, 0.0945792585603972
29296.2560549729, 0.094580020617011
29296.2571330413, 0.0945807432088013
29296.2582107733, 0.0945814178626586
29296.2592881369, 0.0945820366582849
29296.2603650861, 0.0945825922739118
29296.2614416073, 0.0945830780904403
29296.2625177034, 0.0945834882482045
29296.2635934161, 0.094583817710634
29296.2646687818, 0.0945840622949769
29296.2657438843, 0.0945842187241357
29296.2668187805, 0.0945842846399007
29296.2678935551, 0.0945842586346735
29296.2689683136, 0.0945841402548089
29296.2700431569, 0.0945839300017112
29296.2711181753, 0.0945836293297623
29296.2721934529, 0.0945832406334882
29296.2732690651, 0.0945827672258594
29296.274345075, 0.0945822133088705
29296.2754215408, 0.0945815839297304
29296.276498472, 0.0945808849600693
29296.2775758887, 0.0945801230053587
29296.2786537776, 0.0945793053672271
29296.2797321209, 0.0945784399505351
29296.2808108569, 0.0945775352141335
29296.2818899148, 0.0945766000565037
29296.2829692202, 0.0945756437155621
29296.2840486962, 0.0945746756666181
29296.2851282112, 0.0945737055666936
29296.2862076805, 0.0945727430561899
29296.2872870117, 0.0945717977016681
29296.2883660956, 0
29296.2894448238, 0
29296.2905231452, 0
29296.2916009849, 0
29296.2926783016, 0
29296.2937550661, 0
29296.2948312798, 0
29296.2959069712, 0
29296.2969821644, 0
29296.2980569391, 0
29296.2991313531, 0
29296.3002054844, 0
29296.3012794457, 0
29296.3023533412, 0
29296.3034272602, 0
29296.3045013071, 0
29296.3055755834, 0
29296.3066501601, 0
29296.3077251154, 0
29296.3088005014, 0
29296.3098763486, 0
29296.310952678, 0
29296.3120294874, 0
29296.3131067682, 0.0504430280776014
29296.3141844568, 0.0945701411582074
29296.3152624955, 0.0945709467410994
29296.3163408186, 0.0945717683442498
29296.3174193342, 0.0945725964140343
29296.3184979484, 0.0945734213190054
29296.3195765695, 0.094574233459347
29296.3206550823, 0.094575023354765
29296.3217334179, 0.094575781801781
29296.3228114776, 0.0945764999194232
29296.3238891949, 0.0945771692918268
29296.3249665244, 0.0945777820485712
29296.32604345, 0.094578330950218
29296.3271199448, 0.0945788094420587
29296.3281960269, 0.0945792117483928
29296.3292717147, 0.0945795329073565
29296.3303470652, 0.0945797688309647
29296.3314221414, 0.0945799163296759
29296.3324970271, 0.0945799731432783
29296.3335718225, 0.0945799379554415
29296.3346466098, 0.0945798104052538
29296.33572146, 0.0945795910962796
29296.3367964868, 0.0945792815764982
29296.3378717827, 0.0945788843301216
29296.338947424, 0.094578402757739
29296.340023463, 0.0945778411515487
29296.3410999518, 0.094577204644188
29296.3421769169, 0.0945764991726614
29296.3432543653, 0.0945757314196366
29296.3443322894, 0.094574908744661
29296.3454106449, 0.094574039128134
29296.3464893976, 0.0945731310529635
29296.3475684787, 0.0945721934515408
29296.348647785, 0.0945712356134535
29296.3497272452, 0.094570267026289
29296.3508067483, 0.0945692973345539
29296.3518861942, 0.0945683361881018
29296.3529654728, 0.0945673931538534
29296.3540444848, 0
29296.3551231498, 0
29296.3562013891, 0
29296.3572791418, 0
29296.3583563728, 0
29296.3594330505, 0
29296.3605091869, 0
29296.3615848014, 0
29296.3626599295, 0
29296.3637346343, 0
29296.3648089803, 0
29296.3658830741, 0
29296.3669570003, 0
29296.3680308631, 0
29296.3691047706, 0
29296.3701788242, 0
29296.3712530979, 0
29296.3723276856, 0
29296.3734026492, 0
29296.3744780637, 0
29296.3755539486, 0
29296.3766303128, 0
29296.377707155, 0
29296.3787844621, 0.094565124685731
29296.379862179, 0.0945659077142977
29296.380940233, 0.0945667151916727
29296.3820185582, 0.0945675377433593
29296.3830970783, 0.0945683658168814
29296.3841756771, 0.0945691897631378
29296.3852542658, 0.0945699999948356
29296.3863327626, 0.0945707870770536
29296.3874110605, 0.0945715418087189
29296.3884890752, 0.094572255360347
29296.389566749, 0.0945729193710016
29296.3906440365, 0.0945735260275669
29296.3917208897, 0.094574068140629
29296.3927973166, 0.094574539248263
29296.3938733295, 0.0945749336512352
29296.3949489518, 0.0945752464740472
29296.3960242604, 0.0945754737204271
29296.3970993089, 0.0945756122869731
29296.3981741724, 0.0945756600050509
29296.3992489344, 0.0945756156550711
29296.400323707, 0.0945754789714978
29296.4013985776, 0.094575250646211
29296.4024736291, 0.0945749323243351
29296.4035489488, 0.0945745265846936
29296.4046246158, 0.0945740369169709
29296.4057006963, 0.09457346769128
29296.4067772183, 0.0945728241331799
29296.4078542156, 0.0945721122514795
29296.4089317076, 0.0945713387882946
29296.4100096724, 0.0945705111737701
29296.4110880727, 0.0945696374359804
29296.4121668586, 0.094568726115284
29296.4132459556, 0.0945677861853279
29296.4143252863, 0.0945668269386123
29296.4154047529, 0.0945658579016325
29296.4164842648, 0.0945648887056545
29296.4175637028, 0.0945639290124033
29296.4186429636, 0.0945629883665164
29296.4197219473, 0
29296.4208005655, 0
29296.4218787326, 0
29296.4229564118, 0
29296.424033556, 0
29296.4251101406, 0
29296.4261861798, 0
29296.4272616924, 0
29296.4283367331, 0
29296.4294113504, 0
29296.430485631, 0
29296.4315596694, 0
29296.4326335561, 0
29296.4337073932, 0
29296.4347812867, 0
29296.4358553319, 0
29296.4369296123, 0
29296.4380042208, 0
29296.439079206, 0
29296.4401546349, 0
29296.4412305336, 0
29296.4423069108, 0
29296.4433837684, 0
29296.4444610658, 0.0945608879362576
29296.4455387685, 0.0945616736652475
29296.4466168183, 0.0945624829348695
29296.4476951334, 0.0945633063390859
29296.4487736274, 0.0945641343077002
29296.4498522088, 0.0945649572108392
29296.4509307655, 0.0945657654544631
29296.4520092178, 0.0945665496270457
29296.4530874672, 0.0945673005653108
29296.4541654325, 0.0945680094830674
29296.4552430421, 0.0945686680612454
29296.4563202627, 0.0945692685540278
29296.4573970595, 0.094569803845016
29296.4584734299, 0.0945702675395905
29296.4595493914, 0.0945706540197509
29296.4606249747, 0.0945709584958244
29296.4617002333, 0.0945711770539996
29296.4627752445, 0.094571306688636
29296.4638500856, 0.0945713453234921
29296.4649248523, 0.0945712918311718
29296.4659996241, 0.0945711460424206
29296.4670745042, 0.0945709087436086
29296.4681495893, 0.0945705816682154
29296.4692249609, 0.0945701674848639
29296.4703006789, 0.0945696697786192
29296.4713768157, 0.0945690930018164
29296.4724534162, 0.0945684424489453
29296.4735305037, 0.0945677242065722
29296.4746080638, 0.0945669451081734
29296.4756860998, 0.0945661126278857
29296.4767645676, 0.0945652348512715
29296.4778434214, 0.0945643203591662
29296.4789225791, 0.0945633781662776
29296.4800019562, 0.0945624175966343
29296.4810814681, 0.0945614481797947
29296.4821610003, 0.0945604795729968
29296.4832404423, 0.094559521423756
29296.4843196921, 0.0945585832583677
29296.4853986554, 0
29296.4864772447, 0
29296.4875553809, 0
29296.48863301, 0
29296.4897100876, 0
29296.4907866069, 0
29296.4918625769, 0
29296.4929380203, 0
29296.4940129908, 0
29296.4950875515, 0
29296.496161774, 0
29296.4972357693, 0
29296.4983096268, 0
29296.4993834462, 0
29296.5004286387, 0

