29294.5004286387, 0.0946997870937658
29294.5011230831, 0.0946995586055548
29294.5021272295, 0.0946991624055067
29294.5031738806, 0.0946986698112259
29294.5042257058, 0.094698097390885
29294.5052785383, 0.0946974521131689
29294.5063319253, 0.0946967402581108
29294.507385828, 0.0946959686198208
29294.5084402243, 0.0946951446287805
29294.5094950715, 0.0946942762987839
29294.5105503175, 0.0946933721355385
29294.511605903, 0.0946924410438997
29294.5126617422, 0.0946914922501141
29294.5137177424, 0.0946905351852156
29294.5147738029, 0.0946895793824993
29294.5158298219, 0.0946886343658143
29294.5168856887, 0.0946877095503919
29294.5179412993, 0
29294.518996576, 0
29294.5200514253, 0
29294.5211057988, 0
29294.5221596603, 0
29294.523212986, 0
29294.5242657741, 0
29294.5253180619, 0
29294.526369891, 0
29294.5274213096, 0
29294.5284724078, 0
29294.5295232595, 0
29294.5305739571, 0
29294.5316246101, 0
29294.5326753108, 0
29294.5337261415, 0
29294.5347772038, 0
29294.5358285705, 0
29294.5368802987, 0
29294.5379324386, 0
29294.5389850189, 0
29294.5400380419, 0
29294.5410914955, 0
29294.5421453679, 0.0088165569804194
29294.5431996062, 0.0946866931580176
29294.5442541532, 0.0946874964717971
29294.5453089333, 0.0946883123185025
29294.5463638567, 0.0946891312226369
29294.5474188297, 0.0946899436672871
29294.5484737694, 0.0946907402105595
29294.549528574, 0.0946915115679852
29294.5505831529, 0.0946922487390233
29294.5516374486, 0.094692943120194
29294.5526913815, 0.0946935865613107
29294.5537449065, 0.0946941714916628
29294.5547980092, 0.0946946909927882
29294.5558506827, 0.0946951388556696
29294.5569029371, 0.0946955096487847
29294.5579548162, 0.0946957987744387
29294.5590063684, 0.0946960025003468
29294.5600576756, 0.0946961179989694
29294.5611088044, 0.0946961433635989
29294.5621598546, 0.0946960776291547
29294.5632109229, 0.0946959207742117
29294.5642621093, 0.0946956737200816
29294.5653134981, 0.0946953383259893
29294.5663651842, 0.0946949173642481
29294.567417246, 0.0946944145008373
29294.5684697306, 0.0946938342722742
29294.5695226997, 0.0946931820194859
29294.5705761691, 0.0946924638703738
29294.571630136, 0.0946916866686631
29294.5726846014, 0.0946908578883435
29294.5737395212, 0.094689985595228
29294.5747948339, 0.0946890783452398
29294.5758504778, 0.0946881450794384
29294.5769063536, 0.0946871950605615
29294.5779623764, 0.094686237726939
29294.5790184283, 0.094685282630785
29294.5800744278, 0.0946843392700909
29294.5811302621, 0.0946834170440663
29294.582185826, 0
29294.5832410431, 0
29294.5842958296, 0
29294.5853501364, 0
29294.5864039288, 0
29294.5874571919, 0
29294.5885099273, 0
29294.5895621712, 0
29294.590613942, 0
29294.5916653134, 0
29294.5927163564, 0
29294.5937671669, 0
29294.5948178415, 0
29294.5958684764, 0
29294.596919149, 0
29294.5979699656, 0
29294.5990210133, 0
29294.6000723803, 0
29294.6011241165, 0
29294.602176285, 0
29294.6032288995, 0
29294.6042819751, 0
29294.6053354905, 0
29294.6063894196, 0.0946817874483086
29294.6074437103, 0.0946825714620474
29294.6084983047, 0.0946833764049334
29294.6095531116, 0.0946841929248688
29294.6106080568, 0.0946850115503097
29294.6116630575, 0.0946858227750036
29294.6127179998, 0.0946866171461263
29294.6137727932, 0.0946873854118402
29294.6148273568, 0.0946881186126514
29294.6158816258, 0.0946888081835052
29294.6169355408, 0.0946894460396707
29294.6179890523, 0.0946900246671693
29294.6190421507, 0.0946905372167919
29294.6200948123, 0.0946909775462134
29294.6211470687, 0.0946913403131639
29294.6221989527, 0.0946916210001837
29294.6232505145, 0.0946918159648226
29294.6243018219, 0.0946919224707511
29294.6253529657, 0.0946919387087166
29294.6264040377, 0.094691863807465
29294.6274551288, 0.0946916978420629
29294.6285063422, 0.094691441828974
29294.6295577782, 0.0946910977153745
29294.6306095124, 0.0946906683693978
29294.6316616285, 0.0946901575428089
29294.6327141736, 0.0946895698552365
29294.6337672087, 0.0946889107257185
29294.6348207447, 0.094688186357652
29294.6358747901, 0.0946874036522051
29294.6369293168, 0.094686570163808
29294.6379842905, 0.0946856940026562
29294.6390396506, 0.0946847837661046
29294.6400953265, 0.0946838484361193
29294.6411512238, 0.094682897294173
29294.6422072464, 0.0946819398018462
29294.6432632881, 0.094680985503017
29294.6443192545, 0.0946800438988813
29294.6453750493, 0.00098002083639164
29294.646430568, 0
29294.6474857234, 0
29294.6485404622, 0
29294.6495947227, 0
29294.6506484656, 0
29294.6517016782, 0
29294.6527543788, 0
29294.653806572, 0
29294.6548583088, 0
29294.6559096393, 0
29294.6569606483, 0
29294.6580114213, 0
29294.65906206, 0
29294.6601126471, 0
29294.6611632969, 0
29294.6622140986, 0
29294.663265149, 0
29294.664316533, 0
29294.6653682942, 0
29294.6664204949, 0
29294.6674731514, 0
29294.6685262782, 0
29294.669579853, 0
29294.6706338487, 0.0946776628869753
29294.6716882047, 0.0946784493669849
29294.6727428524, 0.0946792558444164
29294.6737977118, 0.0946800729579358
29294.6748526937, 0.0946808912171938
29294.6759077061, 0.0946817011121849
29294.6769626615, 0.0946824932245158
29294.6780174653, 0.0946832583231141
29294.6790720275, 0.0946839874760317
29294.6801262859, 0.0946846721646999
29294.6811801916, 0.0946853043639554
29294.6822336906, 0.0946858766181937
29294.6832867652, 0.0946863821439134
29294.6843394163, 0.0946868148861453
29294.6853916711, 0.09468716957988
29294.6864435634, 0.0946874417927102
29294.6874951362, 0.0946876279695458
29294.6885464713, 0.0946877254680442
29294.6895976463, 0.0946877325710809
29294.6906487706, 0.0946876485014833
29294.6916999215, 0.0946874734290043
29294.6927511998, 0.0946872084653922
29294.6938027051, 0.0946868556514566
29294.6948545162, 0.0946864179449557
29294.69590671, 0.0946858991878312
29294.6969593499, 0.0946853040737164
29294.6980124722, 0.0946846381131667
29294.6990660933, 0.0946839075798371
29294.7001202193, 0.0946831194426144
29294.7011748178, 0.0946822813183689
29294.7022298434, 0.0946814013775703
29294.7032852483, 0.0946804882493092
29294.704340951, 0.0946795509569826
29294.7053968662, 0.0946785987964021
29294.706452908, 0.0946776412312894
29294.7075089645, 0.0946766878120387
29294.7085649238, 0.094675748046127
29294.7096206988, 0
29294.7106761995, 0
29294.7117313361, 0
29294.7127860466, 0
29294.7138402776, 0
29294.7148939918, 0
29294.7159471681, 0
29294.7169998259, 0
29294.7180519748, 0
29294.7191036634, 0
29294.7201549545, 0
29294.7212059284, 0
29294.7222566649, 0
29294.7233072638, 0
29294.7243578361, 0
29294.725408478, 0
29294.7264592926, 0
29294.7275103644, 0
29294.728561775, 0
29294.7296135999, 0
29294.730665858, 0
29294.7317185837, 0
29294.7327717813, 0
29294.7338254223, 0
29294.7348794717, 0.0946735381951778
29294.7359338772, 0.0946743270502614
29294.7369885621, 0.0946751349664943
29294.7380434497, 0.0946759525685711
29294.7390984501, 0.0946767703595587
29294.7401534813, 0.0946775788415834
29294.7412084313, 0.0946783685924525
29294.7422632099, 0.0946791304108101
29294.7433177411, 0.0946798554110333
29294.7443719669, 0.0946805351222973
29294.745425818, 0.0946811615616446
29294.7464792805, 0.0946817273595856
29294.7475323281, 0.094682225795147
29294.7485849533, 0.0946826508846531
29294.7496371838, 0.0946829974455997
29294.7506890668, 0.0946832611355806
29294.7517406425, 0.0946834384873196
29294.7527919975, 0.0946835269502997
29294.7538432225, 0.0946835248992753
29294.7548943873, 0.0946834316520667
29294.7559456071, 0.0946832474705676
29294.7569969671, 0.0946829735606837
29294.7580485536, 0.0946826120599423
29294.7591004627, 0.0946821660103414
29294.760152752, 0.0946816393485563
29294.7612054832, 0.0946810368536465
29294.7622586971, 0.0946803641124073
29294.7633124034, 0.0946796274755036
29294.7643666, 0.0946788339845578
29294.7654212626, 0.0946779913094662
29294.7664763503, 0.0946771076666245
29294.7675318123, 0.0946761917279682
29294.7685875623, 0.0946752525524066
29294.7696435208, 0.0946742994517027
29294.7706995907, 0.0946733419103936
29294.7717556569, 0.0946723894817065
29294.772811635, 0.09467145163784
29294.7738674184, 0
29294.7749229144, 0
29294.7759780415, 0
29294.7770327291, 0
29294.778086922, 0
29294.7791405973, 0
29294.7801937275, 0
29294.7812463282, 0
29294.7822984284, 0
29294.7833500714, 0
29294.7844013189, 0
29294.7854522432, 0
29294.7865029536, 0
29294.7875535458, 0
29294.7886041225, 0
29294.7896547783, 0
29294.790705619, 0
29294.7917567237, 0
29294.7928081657, 0
29294.7938600155, 0
29294.7949123098, 0
29294.7959650799, 0
29294.7970183044, 0
29294.7980719876, 0
29294.7991260716, 0.0946694133993109
29294.8001805023, 0.0946702045340037
29294.8012352193, 0.094671013804201
29294.8022901163, 0.0946718317963761
29294.8033451082, 0.0946726490121811
29294.8044001166, 0.0946734559625101
29294.805455031, 0.0946742432429377
29294.8065097689, 0.0946750016847602
29294.807564251, 0.0946757224367941
29294.8086184125, 0.0946763970704811
29294.8096722091, 0.0946770176738524
29294.8107255907, 0.094677576920342
29294.8117785683, 0.0946780681808422
29294.8128311283, 0.0946784855449212
29294.8138833028, 0.0946788239136117
29294.8149351306, 0.0946790790289532
29294.815986674, 0.094679247518644
29294.8170380175, 0.0946793269214216
29294.8180892338, 0.094679315704614
29294.8191404139, 0.0946792132804031
29294.8201916582, 0.0946790200053365
29294.8212430597, 0.094678737177229
29294.8222947042, 0.0946783670241022
29294.8233466626, 0.0946779126874117
29294.8243990021, 0.0946773781885386
29294.8254517846, 0.0946767683893524
29294.8265050462, 0.0946760889572021
29294.8275588025, 0.0946753463104376
29294.828613047, 0.0946745475580365
29294.8296677519, 0.0946737004295434
29294.8307228851, 0.0946728131825749
29294.8317783739, 0.0946718945471129
29294.8328341568, 0.0946709535902228
29294.8338901392, 0.0946699996566064
29294.8349462062, 0.094669042256263
29294.8360022794, 0.0946680909078364
29294.8370582592, 0.0946671550855243
29294.8381140257, 0
29294.8391694899, 0
29294.8402245687, 0
29294.8412792082, 0
29294.842333347, 0
29294.8433869518, 0
29294.8444400096, 0
29294.8454925421, 0
29294.8465445603, 0
29294.8475961466, 0
29294.8486473429, 0
29294.8496982344, 0
29294.8507489141, 0
29294.8517994863, 0
29294.8528500524, 0
29294.8539006965, 0
29294.8549515333, 0
29294.8560026626, 0
29294.8570541357, 0
29294.858106016, 0
29294.8591583415, 0
29294.8602111368, 0
29294.8612643988, 0
29294.8623181043, 0
29294.8633722196, 0.0946652883014712
29294.8644266718, 0.0946660816171355
29294.8654813973, 0.0946668921261981
29294.866536296, 0.09466771040549
29294.8675912866, 0.0946685269559637
29294.8686462824, 0.0946693322887294
29294.8697011719, 0.0946701170161535
29294.8707558618, 0.0946708719897004
29294.8718102898, 0.0946715884090477
29294.8728643768, 0.0946722578840425
29294.8739180973, 0.0946728725719232
29294.8749714041, 0.0946734252117957
29294.8760243019, 0.0946739092428189
29294.8770767996, 0.0946743188416049
29294.8781289282, 0.0946746489884943
29294.8791807066, 0.0946748955061202
29294.8802322198, 0.0946750551174702
29294.8812835351, 0.0946751254506487
29294.8823347365, 0.0946751050683779
29294.8833859096, 0.0946749934774863
29294.8844371481, 0.0946747911311035
29294.8854885479, 0.0946744994217608
29294.8865401964, 0.0946741206698315
29294.8875921538, 0.0946736581114391
29294.8886445088, 0.0946731158444501
29294.8896972994, 0.0946724988241513
29294.8907505639, 0.0946718127948456
29294.8918043341, 0.0946710642339783
29294.8928585917, 0.0946702603213629
29294.8939133247, 0.0946694088288502
29294.8949684822, 0.0946685180752419
29294.896023992, 0.0946675968286078
29294.897079787, 0.0946666541895368
29294.8981357794, 0.0946656995153905
29294.899191853, 0.0946647423256901
29294.9002479181, 0.094663792147584
29294.9013038621, 0.0946628584539713
29294.902359579, 0
29294.9034149762, 0
29294.9044699879, 0
29294.9055245453, 0
29294.9065785904, 0
29294.9076320958, 0
29294.908685065, 0
29294.9097375166, 0
29294.9107894588, 0
29294.911840958, 0
29294.9128920846, 0
29294.9139429198, 0
29294.9149935558, 0
29294.9160440947, 0
29294.9170946275, 0
29294.9181452622, 0
29294.9191961047, 0
29294.920247226, 0
29294.9212987071, 0
29294.9223506009, 0
29294.9234029611, 0
29294.9244557824, 0
29294.9255090932, 0
29294.9265628566, 0
29294.9276170167, 0.0946611628358035
29294.9286715138, 0.094661958240327
29294.9297262753, 0.09466276989936
29294.9307812092, 0.0946635883826632
29294.9318362125, 0.0946644041714179
29294.932891198, 0.0946652077843554
29294.9339460732, 0.0946659898670273
29294.9350007396, 0.094666741296033
29294.9360551466, 0.0946674533173332
29294.9371092042, 0.0946681175812808
29294.938162888, 0.094668726302699
29294.9392161662, 0.0946692722939285
29294.9402690338, 0.094669749059692
29294.941321504, 0.0946701508563736
29294.9423735931, 0.0946704727432074
29294.9434253638, 0.0946707106421238
29294.9444768662, 0.0946708613562642
29294.9455281651, 0.0946709226087786
29294.9465793576, 0.0946708930589433
29294.9476305103, 0.0946707723114759
29294.9486817382, 0.0946705609138506
29294.9497331195, 0.0946702603572819
29294.9507847604, 0.094669873049733
29294.9518367218, 0.0946694023148729
29294.9528890765, 0.0946688523430101
29294.9539418756, 0.0946682281640956
29294.9549951644, 0.0946675355917224
29294.9560489521, 0.0946667811870713
29294.9571032355, 0.0946659721814755
29294.9581579809, 0.0946651164182419
29294.9592131483, 0.0946642222543805
29294.960268668, 0.0946632984925059
29294.9613244572, 0.0946623542745969
29294.9623804299, 0.0946613989744433
29294.9634364818, 0.0946604421078618
29294.9644924976, 0.094659493221742
29294.9655483836, 0.0946585617577282
29294.9666040332, 0
29294.9676593673, 0
29294.968714297, 0
29294.9697687549, 0
29294.9708227034, 0
29294.971876114, 0
29294.9729289867, 0
29294.9739813422, 0
29294.9750331917, 0
29294.9760846138, 0
29294.9771356747, 0
29294.9781864536, 0
29294.9792370302, 0
29294.9802875318, 0
29294.9813380422, 0
29294.9823886657, 0
29294.9834395014, 0
29294.9844906374, 0
29294.9855421484, 0
29294.9865940922, 0
29294.9876465077, 0
29294.9886994065, 0
29294.9897527873, 0
29294.9908066063, 0
29294.9918608249, 0.0946570369789671
29294.9929153703, 0.0946578343702885
29294.9939701725, 0.0946586470778888
29294.9950251333, 0.0946594656545379
29294.9960801627, 0.0946602805898809
29294.9971351618, 0.0946610824023738
29294.998190033, 0.0946618617536384
29294.9992447081, 0.0946626095716904
29295.0002991006, 0.0946633171164142
29295.0013531588, 0.0946639761124626
29295.0024068484, 0.0946645788235227
29295.0034601298, 0.0946651181216854
29295.0045130012, 0.0946655875851718
29295.0055654698, 0.0946659815462065
29295.0066175597, 0.0946662951509979
29295.0076693244, 0.0946665244072667
29295.0087208288, 0.0946666662130583
29295.009772137, 0.0946667183839683
29295.0108233364, 0.0946666796740957
29295.0118745059, 0.0946665497836976
29295.0129257529, 0.0946663293560051
29295.0139771749, 0.0946660199706777
29295.0150288448, 0.0946656241373861
29295.0160808399, 0.0946651452648373
29295.017133236, 0.0946645876267175
29295.0181860878, 0.0946639563303673
29295.0192394192, 0.0946632572775169
29295.0202932466, 0.0946624970947405
29295.0213475752, 0.094661683068831
29295.0224023639, 0.0946608231022201
29295.0234575622, 0.0946599256063674
29295.0245131079, 0.094658999414299
29295.0255689231, 0.0946580536906687
29295.0266248953, 0.0946570978496829
29295.0276809328, 0.0946561414027633
29295.0287369197, 0.0946551938928225
29295.0297927643, 0.0946542647447108
29295.0308483652, 0
29295.0319036382, 0
29295.0329585012, 0
29295.0340128849, 0
29295.0350667558, 0
29295.0361200924, 0
29295.0371728939, 0
29295.0382251591, 0
29295.039276933, 0
29295.0403282769, 0
29295.0413792645, 0
29295.0424299775, 0
29295.0434805064, 0
29295.044530963, 0
29295.045581452, 0
29295.0466320682, 0
29295.0476829187, 0
29295.0487340851, 0
29295.0497856525, 0
29295.0508376463, 0
29295.0518901274, 0
29295.0529430901, 0
29295.0539965315, 0
29295.0550504094, 0
29295.0561046684, 0.0946529108470745
29295.0571592462, 0.0946537101287752
29295.0582140675, 0.0946545237819456
29295.0592690381, 0.0946553423513444
29295.0603240734, 0.094656156330273
29295.0613790782, 0.0946569562499623
29295.0624339574, 0.0946577327938531
29295.0634886373, 0.0946584769158372
29295.0645430327, 0.09465917991666
29295.065597098, 0.0946598335735152
29295.0666507791, 0.0946604301960283
29295.0677040485, 0.0946609627301292
29295.0687569075, 0.0946614248285587
29295.0698093705, 0.0946618109048541
29295.0708614567, 0.0946621161866854
29295.0719132162, 0.0946623367694064
29295.0729647157, 0.0946624696439216
29295.0740160201, 0.0946625127209333
29295.0750672346, 0.0946624648494138
29295.0761184356, 0.0946623258227079
29295.077169716, 0.0946620963806064
29295.0782211764, 0.0946617781970366
29295.0792729052, 0.0946613738674377
29295.080324979, 0.0946608868862163
29295.0813774568, 0.0946603216182715
29295.0824303902, 0.0946596832534284
29295.083483815, 0.0946589777603192
29295.0845377399, 0.0946582118379113
29295.0855921365, 0.0946573928605356
29295.0866469929, 0.0946565287634413
29295.087702252, 0.0946556280081436
29295.0887578385, 0.0946546994755035
29295.0898136726, 0.0946537523585766
29295.0908696556, 0.0946527960753366
29295.0919256875, 0.0946518401495881
29295.0929816801, 0.0946508940938797
29295.0940375153, 0.0946499673411897
29295.0950930982, 0
29295.0961483428, 0
29295.0972031712, 0
29295.098257516, 0
29295.0993113373, 0
29295.1003646126, 0
29295.1014173376, 0
29295.1024695328, 0
29295.1035212369, 0
29295.1045725044, 0
29295.1056234207, 0
29295.1066740766, 0
29295.1077245571, 0
29295.1087749883, 0
29295.1098254694, 0
29295.1108760978, 0
29295.1119269826, 0
29295.1129782012, 0
29295.1140298162, 0
29295.1150818755, 0
29295.116134397, 0
29295.1171874121, 0
29295.1182408901, 0
29295.119294791, 0
29295.1203490806, 0.0946487845052626
29295.1214036749, 0.0946495855874159
29295.1224585011, 0.0946504000943023
29295.1235134835, 0.0946512185746828
29295.1245685119, 0.0946520315023569
29295.1256235031, 0.0946528294290444
29295.1266783702, 0.0946536030657491
29295.127733018, 0.0946543433826422
29295.1287873922, 0.0946550417437926
29295.1298414271, 0.0946556899630034
29295.130895079, 0.0946562804155529
29295.1319483121, 0.0946568061095863
29295.1330011225, 0.0946572607704989
29295.1340535245, 0.0946576388942695
29295.1351055655, 0.0946579358035332
29295.1361572837, 0.0946581476777185
29295.1372087444, 0.0946582715998738
29295.138260025, 0.094658305575845
29295.1393112303, 0.0946582485479981
29295.1403624305, 0.0946581004050877
29295.1414137422, 0.0946578619757651
29295.1424652468, 0.0946575350284242
29295.1435170395, 0.0946571222457401
29295.1445691987, 0.0946566272066107
29295.1456217798, 0.0946560543589923
29295.1466748204, 0.0946554089786354
29295.1477283414, 0.0946546971188077
29295.1487823622, 0.0946539255402055
29295.149836851, 0.094653101680768
29295.1508917794, 0.0946522335422543
29295.1519470927, 0.0946513296301132
29295.153002729, 0.094650398848936
29295.1540586029, 0.0946494504215892
29295.1551146206, 0.0946484937762856
29295.1561706749, 0.0946475384479907
29295.1572266758, 0.0946465939444482
29295.1582825047, 0.0946456696819162
29295.159338082, 0
29295.1603933157, 0
29295.1614481066, 0
29295.1625024243, 0
29295.1635562049, 0
29295.1646094284, 0
29295.165662096, 0
29295.1667142386, 0
29295.1677658969, 0
29295.1688171284, 0
29295.1698680104, 0
29295.170918649, 0
29295.171969133, 0
29295.1730195854, 0
29295.1740701006, 0
29295.1751207697, 0
29295.176171707, 0
29295.1772229711, 0
29295.1782746334, 0
29295.1793267296, 0
29295.1803792887, 0
29295.1814323118, 0
29295.1824857958, 0
29295.1835397084, 0.013149302541854
29295.184593986, 0.0946446577483497
29295.1856485845, 0.0946454605258672
29295.1867034159, 0.0946462757894783
29295.1877583787, 0.0946470940593078
29295.1888134089, 0.0946479058467945
29295.1898684115, 0.0946487017060131
29295.1909232753, 0.0946494723518666
29295.1919779291, 0.0946502088041506
29295.1930322995, 0.0946509024548332
29295.1940863185, 0.0946515451681638
29295.195139942, 0.0946521293799298
29295.1961931442, 0.0946526481720443
29295.1972459188, 0.0946530953434171
29295.1982982795, 0.0946534654709206
29295.1993502729, 0.0946537539637721
29295.2004019431, 0.0946539570940304
29295.2014533654, 0.0946540720391019
29295.2025046176, 0.0946540968984373
29295.2035558089, 0.0946540307086284
29295.2046070191, 0.0946538734508143
29295.2056583669, 0.0946536260438288
29295.2067099195, 0.0946532903502005
29295.2077617739, 0.0946528691418689
29295.2088140022, 0.0946523660872743
29295.2098666466, 0.0946517857257728
29295.2109197628, 0.094651133402417
29295.2119733625, 0.0946504152486233
29295.2130274526, 0.0946496381013127
29295.2140820056, 0.0946488094559113
29295.2151369924, 0.094647937366882
29295.2161923562, 0.0946470303847971
29295.2172480341, 0.0946460974488695
29295.2183039383, 0.094645147808107
29295.2193599804, 0.0946441908997848
29295.2204160503, 0.0946432362645428
29295.2214720455, 0.0946422934141725
29295.2225278758, 0.0946413717216868
29295.2235834273, 0
29295.2246386239, 0
29295.2256933806, 0
29295.226747641, 0
29295.2278013707, 0
29295.2288545384, 0
29295.2299071694, 0
29295.2309592736, 0
29295.2320109069, 0
29295.2330621264, 0
29295.2341130293, 0
29295.2351636928, 0
29295.2362142245, 0
29295.2372647215, 0
29295.2383152813, 0
29295.23936601, 0
29295.2404169944, 0
29295.2414683118, 0
29295.2425200142, 0
29295.2435721563, 0
29295.244624759, 0
29295.245677829, 0
29295.2467313493, 0
29295.2477853, 0.0946397470938885
29295.2488396211, 0.0946405306017806
29295.249894259, 0.0946413349965771
29295.2509491278, 0.0946421509350259
29295.2520041294, 0.0946429689318542
29295.2530591877, 0.0946437794915954
29295.2541142019, 0.0946445731771608
29295.2551690728, 0.0946453407359225
29295.2562237122, 0.0946460732096942
29295.2572780639, 0.0946467620462855
29295.2583320581, 0.0946473991611248
29295.2593856478, 0.0946479770494604
29295.2604388165, 0.0946484888668297
29295.2614915606, 0.0946489284877185
29295.2625438892, 0.0946492905677788
29295.2635958406, 0.0946495706005498
29295.2646474957, 0.0946497649560953
29295.2656989005, 0.094649870896853
29295.2667501542, 0.0946498866180247
29295.2678013562, 0.0946498112492418
29295.2688525893, 0.0946496448660619
29295.2699039453, 0.0946493884882839
29295.2709555218, 0.0946490440661155
29295.2720074072, 0.0946486144636836
29295.2730596623, 0.0946481034426113
29295.2741123499, 0.0946475156155282
29295.2751655053, 0.0946468564167536
29295.2762191442, 0.0946461320487964
29295.2772732695, 0.0946453494181331
29295.2783278672, 0.0946445160684608
29295.2793828976, 0.0946436401126387
29295.2804382976, 0.0946427301486137
29295.2814940015, 0.0946417951511085
29295.2825499252, 0.0946408443890358
29295.2836059614, 0.0946398873293713
29295.2846620216, 0.0946389334952015
29295.2857179956, 0.0946379923967118
29295.2867737773, 0
29295.2878292803, 0
29295.2888844102, 0
29295.289939098, 0
29295.2909932946, 0
29295.2920469681, 0
29295.2931000994, 0
29295.2941526986, 0
29295.2952047882, 0
29295.296256401, 0
29295.2973076325, 0
29295.2983585344, 0
29295.2994092201, 0
29295.300459777, 0
29295.3015103084, 0
29295.3025609127, 0
29295.3036116788, 0
29295.3046627029, 0
29295.3057140595, 0
29295.3067658161, 0
29295.3078180045, 0
29295.3088706554, 0
29295.3099237762, 0
29295.3109773474, 0
29295.3120313525, 0.0946356170922016
29295.3130857366, 0.0946364030630863
29295.3141404214, 0.0946372089837839
29295.315195333, 0.0946380255027958
29295.3162503793, 0.0946388431326306
29295.3173054601, 0.0946396523625376
29295.3183604877, 0.0946404437797513
29295.3194153687, 0.0946412081604259
29295.3204700225, 0.0946419365852544
29295.321524353, 0.0946426205193456
29295.3225783112, 0.0946432519473659
29295.3236318676, 0.0946438234368796
29295.324684998, 0.0946443282079503
29295.3257376948, 0.0946447602098352
29295.3267899919, 0.0946451141890375
29295.3278419239, 0.0946453857210778
29295.3288935449, 0.0946455712597329
29295.329944942, 0.0946456681669391
29295.3309961777, 0.094645674728175
29295.3320473714, 0.0946455901701331
29295.3330985962, 0.0946454146651746
29295.3341499591, 0.0946451493250627
29295.3352015519, 0.0946447961930559
29295.3362534409, 0.0946443582331342
29295.3373057066, 0.09464383928813
29295.3383584074, 0.0946432440557108
29295.3394115857, 0.0946425780436328
29295.3404652476, 0.094641847532385
29295.3415194072, 0.0946410594853182
29295.3425740448, 0.0946402215074079
29295.343629101, 0.0946393417775212
29295.3446845225, 0.094638428927252
29295.3457402449, 0.0946374919620637
29295.3467961663, 0.0946365401885826
29295.3478522045, 0.0946355830626675
29295.348908248, 0.0946346301292001
29295.3499641851, 0.0946336908897515
29295.3510199302, 0
29295.3520753796, 0
29295.3531304461, 0
29295.3541850699, 0
29295.3552391956, 0
29295.3562927922, 0
29295.3573458573, 0
29295.3583983857, 0
29295.3594504139, 0
29295.360501981, 0
29295.3615531722, 0
29295.3626040495, 0
29295.3636547156, 0
29295.364705255, 0
29295.3657557798, 0
29295.3668063821, 0
29295.3678571597, 0
29295.3689082025, 0
29295.36995958, 0
29295.3710113574, 0
29295.372063586, 0
29295.3731162787, 0
29295.3741694354, 0
29295.3752230515, 0
29295.3762770913, 0.0946314867753015
29295.377331506, 0.0946322751017345
29295.3783862156, 0.0946330824473984
29295.3794411423, 0.0946338994414104
29295.3804961913, 0.0946347165884471
29295.3815512772, 0.0946355243939243
29295.3826062976, 0.0946363134488024
29295.3836611586, 0.0946370745545456
29295.3847157666, 0.0946377988191568
29295.3857700523, 0.0946384777722167
29295.3868239791, 0.0946391034586726
29295.3878774895, 0.0946396684909218
29295.3889305624, 0.0946401661622303
29295.3899832014, 0.0946405905044859
29295.3910354392, 0.0946409363457009
29295.3920873156, 0.0946411993498852
29295.3931388972, 0.0946413760625878
29295.3941902529, 0.0946414639348729
29295.3952414679, 0.094641461348027
29295.3962926386, 0.0946413676234283
29295.3973438547, 0.0946411830279851
29295.3983952142, 0.0946409087689428
29295.3994468063, 0.0946405469838818
29295.4004987185, 0.0946401007183736
29295.4015510126, 0.0946395739079264
29295.4026037497, 0.0946389713312902
29295.4036569626, 0.0946382985794013
29295.4047106671, 0.0946375619981096
29295.405764873, 0.0946367686177929
29295.4068195449, 0.0946359261132553
29295.4078746317, 0.0946350427066868
29295.4089300811, 0.0946341270688821
29295.4099858178, 0.0946331882453045
29295.4110417639, 0.0946322355417087
29295.4120977983, 0.0946312784595615
29295.4131538419, 0.0946303265140036
29295.4142097704, 0.0946293892071668
29295.4152654967, 0
29295.4163209041, 0
29295.4173759273, 0
29295.4184304973, 0
29295.4194845603, 0
29295.4205380753, 0
29295.4215910424, 0
29295.4226434728, 0
29295.4236954112, 0
29295.4247469021, 0
29295.4257980113, 0
29295.4268488309, 0
29295.4278994508, 0
29295.4289499656, 0
29295.4300004653, 0
29295.4310510743, 0
29295.4321018801, 0
29295.4331529441, 0
29295.4342043715, 0
29295.4352561943, 0
29295.4363084601, 0
29295.4373611844, 0
29295.4384143752, 0
29295.4394680272, 0
29295.4405220985, 0.094627356226377
29295.4415765201, 0.0946281468099954
29295.4426312386, 0.0946289554861328
29295.4436861695, 0.0946297728636601
29295.4447412073, 0.094630589433996
29295.4457962697, 0.0946313957106518
29295.4468512552, 0.0946321823018651
29295.4479060758, 0.094632940040248
29295.4489606388, 0.0946336600710485
29295.4500148728, 0.094634333968509
29295.4510687271, 0.0946349538248873
29295.4521221691, 0.0946355123315061
29295.4531751776, 0.094636002851098
29295.4542277598, 0.0946364194929897
29295.455279931, 0.0946367571612916
29295.4563317467, 0.0946370116131392
29295.4573832769, 0.0946371794846662
29295.4584345905, 0.094637258319318
29295.4594857746, 0.0946372465924987
29295.4605369289, 0.0946371437197983
29295.4615881422, 0.094636950062205
29295.4626395199, 0.0946366669177611
29295.4636911414, 0.0946362965173302
29295.4647430976, 0.0946358419939246
29295.4657954491, 0.0946353073684606
29295.4668482436, 0.094634697508258
29295.4679015173, 0.0946340180799919
29295.4689552952, 0.094633275493637
29295.4700095504, 0.0946324768704831
29295.4710642773, 0.094631629920614
29295.472119425, 0.0946307429131972
29295.4731749282, 0.094629824568812
29295.4742307154, 0.0946288839593914
29295.4752866913, 0.0946279304262019
29295.4763427701, 0.0946269734482771
29295.4773988203, 0.094626022587076
29295.4784547611, 0.0946250872941608
29295.4795104733, 0
29295.4805658654, 0
29295.4816208394, 0
29295.482675354, 0
29295.4837293477, 0
29295.4847827886, 0
29295.485835671, 0
29295.4868880295, 0
29295.4879398811, 0
29295.4889912841, 0
29295.4900423208, 0
29295.4910930764, 0
29295.4921436489, 0
29295.4931941268, 0
29295.4942446257, 0
29295.495295232, 0
29295.4963460337, 0
29295.4973971167, 0
29295.4984485575, 0
29295.4995004127, 0
29295.5005527026, 0
29295.5016054605, 0
29295.5026586893, 0
29295.5037123649, 0
29295.5047664459, 0.0946232253783073
29295.5058208771, 0.0946240181270531
29295.5068755916, 0.094624828027973
29295.5079305049, 0.0946256456756801
29295.5089855348, 0.0946264615760858
29295.5100405736, 0.0946272662299032
29295.511095529, 0.0946280502699313
29295.5121503088, 0.0946288045534691
29295.5132048361, 0.0946295202746437
29295.5142590314, 0.0946301890483698
29295.515312844, 0.094630803022702
29295.5163662318, 0.0946313549482045
29295.5174191903, 0.0946318382680893
29295.518471733, 0.0946322471706824
29295.5195238613, 0.0946325766371888
29295.5205756452, 0.0946328225164144
29295.5216271494, 0.0946329815329088
29295.5226784374, 0.0946330513232884
29295.5237296157, 0.0946330304581634
29295.524780768, 0.0946329184477233
29295.5258320082, 0.094632715743388
29295.5268834138, 0.0946324237409239
29295.5279350652, 0.094632044764799
29295.5289870701, 0.0946315820307136
29295.5300394755, 0.0946310396501551
29295.5310923279, 0.0946304225726964
29295.5321456759, 0.0946297365326369
29295.5331995233, 0.0946289880231159
29295.5342538683, 0.0946281842099855
29295.5353086738, 0.0946273328822261
29295.5363638893, 0.0946264423570842
29295.5374194579, 0.0946255213867269
29295.5384752966, 0.0946245790821923
29295.5395313185, 0.0946236247963308
29295.5405874172, 0.0946226680354914
29295.5416434757, 0.0946217183461962
29295.5426993839, 0.0946207851929222
29295.543755055, 0
29295.5448103958, 0
29295.5458653173, 0
29295.5469197558, 0
29295.5479736704, 0
29295.5490270339, 0
29295.5500798522, 0
29295.5511321411, 0
29295.5521839389, 0
29295.5532352919, 0
29295.5542862946, 0
29295.5553370129, 0
29295.5563875623, 0
29295.5574380208, 0
29295.5584885048, 0
29295.5595390989, 0
29295.5605899124, 0
29295.5616410159, 0
29295.5626924827, 0
29295.5637443668, 0
29295.5647967067, 0
29295.5658495171, 0
29295.5669027888, 0
29295.5679565058, 0
29295.5690106226, 0.0946190942621485
29295.5700650888, 0.0946198890930598
29295.5711198349, 0.0946207001410788
29295.5721747673, 0.0946215179806456
29295.5732298023, 0.0946223331135465
29295.5742848395, 0.0946231360539139
29295.5753397747, 0.0946239174443422
29295.5763945299, 0.0946246681818684
29295.5774490189, 0.0946253794930302
29295.5785031908, 0.0946260430598509
29295.5795569795, 0.0946266510757424
29295.5806103377, 0.0946271963533855
29295.5816632677, 0.0946276724117067
29295.582715787, 0.0946280735183042
29295.5837679148, 0.0946283947420583
29295.5848196893, 0.0946286320084722
29295.5858711889, 0.0946287821375722
29295.5869224828, 0.0946288428595746
29295.5879736755, 0.0946288128386691
29295.5890248539, 0.0946286916794962
29295.5900761066, 0.0946284799334041
29295.5911275454, 0.0946281790842587
29295.5921792434, 0.0946277915481326
29295.593231285, 0.0946273206393235
29295.5942837392, 0.0946267705460752
29295.5953366609, 0.0946261462921021
29295.5963900789, 0.0946254536972334
29295.5974439969, 0.0946246993245203
29295.5984984114, 0.0946238904036402
29295.5995532864, 0.094623034777384
29295.6006085471, 0.0946221408299701
29295.6016641547, 0.0946212173366305
29295.602720018, 0.0946202734434307
29295.6037760428, 0.0946193185278902
29295.6048321209, 0.0946183621052777
29295.6058881511, 0.0946174137045083
29295.6069440194, 0.0946164827793354
29295.6079996319, 0
29295.6090549049, 0
29295.6101097673, 0
29295.6111641503, 0
29295.6122180014, 0
29295.6132713128, 0
29295.6143240746, 0
29295.6153763015, 0
29295.6164280469, 0
29295.617479367, 0
29295.6185303158, 0
29295.6195809861, 0
29295.6206314856, 0
29295.6216819185, 0
29295.6227323725, 0
29295.6237829491, 0
29295.6248337466, 0
29295.6258848523, 0
29295.626936331, 0
29295.6279882406, 0
29295.6290406158, 0
29295.6300934771, 0
29295.6311468079, 0
29295.6322005853, 0
29295.6332547811, 0.0946149626341543
29295.6343093028, 0.0946157594567851
29295.6353641015, 0.0946165715617464
29295.6364190753, 0.0946173895047338
29295.6374741369, 0.0946182037826785
29295.6385291918, 0.0946190049232382
29295.6395841347, 0.0946197835873541
29295.6406388826, 0.0946205306982374
29295.6416933698, 0.0946212375362966
29295.6427475212, 0.0946218958162749
29295.6438012913, 0.094622497802803
29295.6448546556, 0.0946230363843615
29295.6459075932, 0.0946235051375374
29295.6469601082, 0.0946238984035092
29295.6480122343, 0.0946242113416949
29295.6490640207, 0.0946244399677082
29295.6501155537, 0.0946245811910077
29295.6511668771, 0.0946246328309004
29295.6522180941, 0.0946245936489201
29295.6532693137, 0.0946244633444632
29295.6543206187, 0.0946242425627814
29295.6553720977, 0.0946239328881416
29295.6564238425, 0.0946235368252007
29295.6574759585, 0.0946230577663841
29295.6585284897, 0.094622499994092
29295.6595814815, 0.0946218686186982
29295.6606349663, 0.0946211695346284
29295.6616889623, 0.0946204093635743
29295.6627434437, 0.0946195954128991
29295.6637983749, 0.0946187355803194
29295.6648537013, 0.0946178382791292
29295.6659093446, 0.0946169123551461
29295.6669652261, 0.0946159669715128
29295.6680212557, 0.0946150115191326
29295.6690773359, 0.0946140555101563
29295.670133349, 0.0946131084842027
29295.6711891893, 0.0946121798725109
29295.6722447661, 0
29295.6733000014, 0
29295.6743548125, 0
29295.6754091423, 0
29295.6764629511, 0
29295.6775162224, 0
29295.6785689495, 0
29295.679621144, 0
29295.6806728447, 0
29295.6817241181, 0
29295.6827750293, 0
29295.6838256754, 0
29295.6848761468, 0
29295.6859265536, 0
29295.6869769886, 0
29295.6880275778, 0
29295.6890783822, 0
29295.6901295105, 0
29295.6911810236, 0
29295.692232976, 0
29295.693285411, 0
29295.6943383284, 0
29295.6953917318, 0
29295.6964455876, 0
29295.6974998419, 0.0946108307043063
29295.6985544247, 0.0946116294343112
29295.6996092699, 0.0946124424998519
29295.7006642723, 0.0946132604422139
29295.7017193515, 0.0946140737633862
29295.7027744051, 0.0946148729948126
29295.7038293526, 0.0946156488368306
29295.7048840955, 0.0946163922312639
29295.7059385664, 0.0946170944981504
29295.7069927022, 0.0946177474098484
29295.7080464458, 0.0946183432824288
29295.7090997711, 0.0946188750712767
29295.7101526799, 0.0946193364380649
29295.711205183, 0.0946197218037758
29295.7122573201, 0.0946200264105593
29295.7133091226, 0.0946202463549156
29295.714360669, 0.0946203786371678
29295.71541204, 0.094620421173061
29295.7164633091, 0.0946203728148369
29295.7175145808, 0.0946202333589757
29295.7185659461, 0.0946200035457801
29295.719617513, 0.0946196850464698
29295.7206693651, 0.0946192804557324
29295.7217215724, 0.0946187932691638
29295.7227742015, 0.0946182278460367
29295.7238272947, 0.0946175893784847
29295.7248808878, 0.0946168838332123
29295.7259349655, 0.094616117924856
29295.7269895156, 0.0946152990155128
29295.7280445047, 0.0946144350562003
29295.7290998712, 0.0946135345118479
29295.73015556, 0.0946126062441579
29295.7312114704, 0.0946116594615016
29295.7322675156, 0.0946107035677961
29295.733323586, 0.09460974809119
29295.7343795854, 0.0946088025460066
29295.7354354119, 0.0946078763439533
29295.736490975, 0
29295.7375461858, 0
29295.7386009706, 0
29295.7396552701, 0
29295.7407090475, 0
29295.7417622718, 0
29295.7428149428, 0
29295.743867105, 0
29295.7449187658, 0
29295.7459699962, 0
29295.7470208795, 0
29295.7480715064, 0
29295.7491219601, 0
29295.7501723515, 0
29295.7512227967, 0
29295.7522733821, 0
29295.7533242141, 0
29295.7543753826, 0
29295.7554269437, 0
29295.7564789552, 0
29295.7575314495, 0
29295.7585844275, 0
29295.7596378944, 0
29295.7606917972, 0
29295.7617460947, 0.0946066984471292
29295.7628007126, 0.0946074989849991
29295.7638555741, 0.0946083129048336
29295.7649105897, 0.0946091307499265
29295.7659656646, 0.094609943011528
29295.7670207017, 0.094610740236775
29295.7680756222, 0.0946115131487615
29295.7691303243, 0.0946122527195169
29295.7701847361, 0.0946129503085318
29295.7712388143, 0.0946135977527067
29295.7722925047, 0.0946141874285041
29295.7733457827, 0.0946147123580622
29295.774398644, 0.094615166273439
29295.7754511065, 0.0946155436783209
29295.7765032106, 0.0946158398992601
29295.7775549972, 0.0946160511229563
29295.7786065439, 0.0946161744391215
29295.7796579193, 0.0946162078556444
29295.780709226, 0.0946161503185185
29295.7817605653, 0.0946160017139356
29295.7828120037, 0.0946157628784802
29295.7838636481, 0.0946154355778932
29295.7849155781, 0.0946150225008854
29295.7859678722, 0.0946145272285127
29295.7870205842, 0.0946139542111462
29295.7880737452, 0.0946133087296319
29295.7891273978, 0.0946125968233541
29295.7901815413, 0.0946118252650788
29295.7912361548, 0.0946110014836366
29295.7922911978, 0.0946101334885518
29295.7933466224, 0.0946092297776458
29295.7944023455, 0.0946082992715958
29295.7954582925, 0.0946073511811266
29295.796514375, 0.0946063949257842
29295.797570468, 0.09460544005179
29295.7986264771, 0.0946044960653244
29295.7996822996, 0.0946035723615168
29295.8007378509, 0
29295.8017930325, 0
29295.8028477845, 0
29295.803902042, 0
29295.804955762, 0
29295.8060089276, 0
29295.8070615462, 0
29295.8081136319, 0
29295.8091652345, 0
29295.8102164203, 0
29295.811267263, 0
29295.8123178512, 0
29295.8133682892, 0
29295.8144186807, 0
29295.8154691249, 0
29295.8165197342, 0
29295.8175705958, 0
29295.8186217957, 0
29295.8196734016, 0
29295.8207254494, 0
29295.821777969, 0
29295.8228309823, 0
29295.8238844718, 0
29295.8249384035, 0.0181261115318867
29295.8259927183, 0.0946025657708197
29295.8270473667, 0.0946033680266983
29295.828102235, 0.0946041827056291
29295.8291572444, 0.0946050003498363
29295.8302123037, 0.094605811455048
29295.831267323, 0.0946066065859929
29295.8323222011, 0.0946073764719108
29295.8333768574, 0.0946081121335708
29295.8344312117, 0.0946088049674265
29295.8354852102, 0.094609446856853
29295.8365388191, 0.0946100302524544
29295.8375920233, 0.0946105482490716
29295.8386448183, 0.0946109946518964
29295.8396972192, 0.0946113640431188
29295.8407492614, 0.0946116518333048
29295.8418010152, 0.0946118543044323
29295.8428525375, 0.0946119686313374
29295.8439039095, 0.0946119929156914
29295.8449552229, 0.0946119261964437
29295.8460065566, 0.0946117684590679
29295.8470580237, 0.0946115206274041
29295.8481096979, 0.0946111845657219
29295.849161667, 0.0946107630516251
29295.8502139983, 0.094610259759117
29295.8512667504, 0.094609679221338
29295.8523199474, 0.0946090268029869
29295.8533736437, 0.094608308609708
29295.8544278117, 0.0946075315008508
29295.8554824491, 0.0946067029524822
29295.8565375171, 0.0946058310240439
29295.8575929672, 0.094604924256065
29295.8586487188, 0.0946039916000213
29295.8597046795, 0.0946030423059217
29295.8607607505, 0.094602085816392
29295.8618168503, 0.094601131641065
29295.8628728456, 0.094600189313476
29295.8639286673, 0.0945992681814197
29295.8649841885, 0
29295.8660393356, 0
29295.867094019, 0
29295.8681481959, 0
29295.8692018296, 0
29295.8702549154, 0
29295.8713074418, 0
29295.8723594474, 0
29295.8734109821, 0
29295.874462105, 0
29295.8755129001, 0
29295.8765634492, 0
29295.877613855, 0
29295.8786642186, 0
29295.8797146481, 0
29295.8807652499, 0
29295.8818161115, 0
29295.8828673182, 0
29295.8839189329, 0
29295.8849710122, 0
29295.8860235778, 0
29295.8870766217, 0
29295.8881301442, 0
29295.8891841114, 0.0945976495930798
29295.8902384624, 0.094598432626644
29295.891293129, 0.0945992364885751
29295.8923480201, 0.0946000518357145
29295.8934030371, 0.0946008691872241
29295.8944580924, 0.0946016790441666
29295.895513097, 0.0946024719851685
29295.8965679381, 0.094603238755037
29295.8976225463, 0.0946039704174012
29295.8986768389, 0.0946046584115091
29295.8997307821, 0.0946052946863109
29295.9007843297, 0.094605871745611
29295.9018374769, 0.0946063827580504
29295.9028902229, 0.0946068216046341
29295.9039425719, 0.0946071829436176
29295.9049945796, 0.0946074622770342
29295.9060463009, 0.0946076559706621
29295.9070978011, 0.0946077612928027
29295.9081491518, 0.0946077764383165
29295.9092004506, 0.0946077005419947
29295.9102517759, 0.0946075336847557
29295.9113032291, 0.0946072768883461
29295.9123548998, 0.0946069321073241
29295.9134068494, 0.094606502220536
29295.9144591766, 0.0946059909779173
29295.9155119193, 0.0946054030055263
29295.9165651202, 0.0946047437360285
29295.9176188094, 0.0946040193624915
29295.9186729885, 0.0946032367897536
29295.9197276431, 0.0946024035592199
29295.9207827234, 0.0946015277892271
29295.921838174, 0.094600618068206
29295.9228939238, 0.094599683371857
29295.9239498774, 0.0945987329749972
29295.925005928, 0.0945977763397462
29295.9260619796, 0.0945968229906343
29295.9271179426, 0.0945958824131383
29295.9281736942, 0
29295.9292291282, 0
29295.9302841842, 0
29295.9313387728, 0
29295.9323928515, 0
29295.9334463879, 0
29295.9344993721, 0
29295.9355518029, 0
29295.9366037182, 0
29295.9376551698, 0
29295.9387062212, 0
29295.9397569537, 0
29295.9408074512, 0
29295.9418578153, 0
29295.9429081562, 0
29295.9439585759, 0
29295.9450091832, 0
29295.9460600669, 0
29295.9471113008, 0
29295.9481629531, 0
29295.9492150684, 0
29295.9502676783, 0
29295.9513207795, 0
29295.9523743536, 0
29295.9534283774, 0.0945935133692495
29295.9544827875, 0.0945942988505426
29295.9555374981, 0.0945951042263237
29295.9565924159, 0.0945959201339694
29295.9576474581, 0.0945967370981386
29295.9587025237, 0.0945975456132646
29295.9597575106, 0.0945983362627693
29295.9608123357, 0.0945990998390658
29295.9618669297, 0.0945998274399161
29295.9629212125, 0.094600510549702
29295.9639751458, 0.09460114116652
29295.9650286871, 0.0946017118566967
29295.9660818184, 0.094602215850671
29295.9671345332, 0.0946026471042796
29295.9681868772, 0.0946030003729404
29295.9692388779, 0.0946032712323703
29295.9702905935, 0.0946034561392405
29295.9713420867, 0.0946035524545288
29295.9723934428, 0.0946035584681609
29295.9734447316, 0.0946034734114118
29295.9744960573, 0.0946032974604398
29295.9755475103, 0.0946030317332932
29295.9765991861, 0.0946026782765722
29295.9776511532, 0.0946022400563695
29295.978703489, 0.0946017209188215
29295.9797562466, 0.0946011255665845
29295.9808094823, 0.0946004595002715
29295.9818631965, 0.0945997290028781
29295.9829174014, 0.0945989410380376
29295.9839720802, 0.0945981032066374
29295.9850271788, 0.0945972236801885
29295.986082649, 0.0945963110818261
29295.9871384017, 0.0945953744344449
29295.9881943523, 0.0945944230253042
29295.9892503921, 0.0945934663296313
29295.9903064128, 0.0945925138841306
29295.9913623205, 0.0945915751680492
29295.992418009, 0
29295.9934733835, 0
29295.994528353, 0
29295.9955828621, 0
29295.9966368537, 0
29295.9976903034, 0
29295.9987432006, 0
29295.9997955511, 0
29296.0008473848, 0
29296.0018987586, 0
29296.0029497385, 0
29296.0040004021, 0
29296.0050508526, 0
29296.0061011783, 0
29296.0071514892, 0
29296.0082018957, 0
29296.0092524996, 0
29296.0103033853, 0
29296.0113546449, 0
29296.0124063475, 0
29296.0134585241, 0
29296.014511202, 0
29296.0155643794, 0
29296.0166180313, 0
29296.0176721164, 0.0945893767349437
29296.0187265698, 0.0945901645570969
29296.0197813296, 0.0945909713537963
29296.020836281, 0.0945917877300169
29296.0218913547, 0.0945926042147816
29296.0229464335, 0.0945934112947377
29296.0240014258, 0.094594199576807
29296.0250562497, 0.094594959880015
29296.0261108319, 0.094595683335146
29296.0271651192, 0.0945963614892321
29296.0282190374, 0.0945969863709831
29296.0292725809, 0.0945975506303012
29296.0303257034, 0.0945980475510376
29296.0313784279, 0.0945984711779489
29296.0324307724, 0.0945988163355372
29296.033482788, 0.0945990786929958
29296.0345345171, 0.0945992547918356
29296.0355860188, 0.0945993420866348
29296.0366373769, 0.0945993389641928
29296.0376886886, 0.0945992447507077
29296.0387400521, 0.0945990597150162
29296.0397915575, 0.0945987850676298
29296.0408432786, 0.094598422954197
29296.0418953013, 0.0945979764263389
29296.0429476998, 0.0945974494174979
29296.0440005365, 0.0945968467067356
29296.0450538374, 0.0945961738897348
29296.0461076298, 0.0945954373044782
29296.0471619044, 0.0945946439941196
29296.0482166344, 0.0945938016263551
29296.0492717819, 0.094592918409753
29296.0503272829, 0.094592003021534
29296.0513830539, 0.0945910645111525
29296.0524390021, 0.0945901121942616
29296.0534950332, 0.0945891555436051
29296.0545510401, 0.0945882040943683
29296.0556069185, 0.0945872673243713
29296.0566625692, 0
29296.0577179, 0
29296.0587728198, 0
29296.0598272694, 0
29296.0608812039, 0
29296.0619345835, 0
29296.0629874048, 0
29296.064039682, 0
29296.0650914384, 0
29296.0661427326, 0
29296.0671936403, 0
29296.0682442349, 0
29296.0692946272, 0
29296.0703449131, 0
29296.0713952078, 0
29296.0724456093, 0
29296.073496237, 0
29296.0745471711, 0
29296.0755984935, 0
29296.0766502551, 0
29296.077702499, 0
29296.0787552406, 0
29296.0798084692, 0
29296.0808621627, 0
29296.0819162813, 0.0945852398374994
29296.0829707517, 0.094586029905071
29296.0840255153, 0.0945868380085599
29296.0850804797, 0.0945876547550909
29296.0861355508, 0.0945884706500611
29296.0871906218, 0.0945892761941601
29296.088245612, 0.0945900620189299
29296.089300446, 0.0945908189736
29296.0903550322, 0.0945915382116018
29296.0914093057, 0.0945922113185105
29296.0924632106, 0.0945928303901676
29296.0935167316, 0.0945933881339425
29296.0945698382, 0.0945938779122937
29296.0956225417, 0.0945942938408275
29296.0966748655, 0.0945946308289257
29296.0977268491, 0.0945948846305947
29296.0987785543, 0.0945950518837852
29296.0998300377, 0.0945951301354848
29296.1008813962, 0.094595117866781
29296.1019327238, 0.0945950144969137
29296.1029840992, 0.0945948203926902
29296.1040356395, 0.0945945368538404
29296.1050874191, 0.0945941661147888
29296.1061395199, 0.0945937113149456
29296.1071920098, 0.0945931764746912
29296.1082449395, 0.0945925664605019
29296.109298342, 0.0945918869408039
29296.1103522293, 0.0945911443347236
29296.1114065953, 0.0945903457482832
29296.112461414, 0.0945894989056712
29296.1135166197, 0.0945886120878693
29296.1145721705, 0.0945876939945055
29296.1156279672, 0.0945867537190856
29296.116683934, 0.0945858005822425
29296.1177399812, 0.0945848440617202
29296.1187959913, 0.0945838937009489
29296.1198518619, 0.0945829589642442
29296.1209074995, 0
29296.1219628065, 0
29296.123017692, 0
29296.124072102, 0
29296.1251259759, 0
29296.1261792942, 0
29296.1272320596, 0
29296.1282842676, 0
29296.1293359535, 0
29296.1303871865, 0
29296.1314380332, 0
29296.1324885844, 0
29296.1335389419, 0
29296.1345892131, 0
29296.1356395156, 0
29296.1366899483, 0
29296.1377406151, 0
29296.1387915883, 0
29296.1398429575, 0
29296.1408947715, 0
29296.1419470675, 0
29296.1429998492, 0
29296.144053116, 0
29296.1451068373, 0
29296.1461609718, 0.0945811025431527
29296.1472154596, 0.0945818947735721
29296.1482702155, 0.0945827040894262
29296.1493251668, 0.0945835210986959
29296.1503802283, 0.094584336310415
29296.1514352972, 0.0945851402351878
29296.1524902896, 0.0945859235188602
29296.1535451026, 0.0945866770183552
29296.1545996601, 0.0945873919366217
29296.1556539, 0.0945880599086154
29296.156707781, 0.0945886730943715
29296.1577612611, 0.0945892242496331
29296.158814329, 0.0945897068188858
29296.1598669873, 0.0945901149914143
29296.1609192618, 0.0945904437618159
29296.1619711978, 0.0945906889741713
29296.1630228585, 0.094590847358104
29296.1640743277, 0.0945909165555128
29296.1651256844, 0.0945908951375846
29296.1661770108, 0.094590782619898
29296.167228426, 0.0945905794574252
29296.1682800067, 0.0945902870487711
29296.1693318464, 0.0945899077152464
29296.1703840151, 0.094589444688671
29296.1714365898, 0.0945889020701127
29296.1724896106, 0.0945882848116455
29296.1735431042, 0.0945875986619744
29296.1745970813, 0.0945868501118104
29296.1756515213, 0.0945860463424134
29296.1767064058, 0.0945851951293652
29296.1777616807, 0.0945843047916405
29296.1788172844, 0.0945833840839863
29296.1798731284, 0.094582442120024
29296.1809291249, 0.0945814882499201
29296.1819851752, 0.0945805319682657
29296.1830411893, 0.094579582791057
29296.1840970477, 0.0945786501850169
29296.1851526628, 0
29296.1862079321, 0
29296.1872627864, 0
29296.1883171612, 0
29296.1893709907, 0
29296.1904242598, 0
29296.1914769741, 0
29296.1925291364, 0
29296.193580792, 0
29296.1946319965, 0
29296.1956828385, 0
29296.1967333992, 0
29296.1977837738, 0
29296.1988340777, 0
29296.1998844262, 0
29296.2009349075, 0
29296.201985631, 0
29296.2030366804, 0
29296.2040881108, 0
29296.2051399806, 0
29296.2061923235, 0
29296.2072451468, 0
29296.2082984438, 0
29296.2093521896, 0
29296.2104063427, 0.0945769648102262
29296.2114608492, 0.0945777591055995
29296.2125156176, 0.0945785695476714
29296.2135705933, 0.0945793867454803
29296.2146256658, 0.0945802011859763
29296.2156807421, 0.0945810033954405
29296.2167357318, 0.0945817840333009
29296.2177905406, 0.0945825339915119
29296.2188450958, 0.0945832445133569
29296.219899322, 0.0945839072725266
29296.2209531723, 0.094584514483453
29296.2220066182, 0.0945850589752304
29296.223059641, 0.094585534261338
29296.2241122461, 0.0945859346123054
29296.2251644701, 0.0945862551111975
29296.2262163681, 0.094586491691769
29296.2272680023, 0.0945866411726883
29296.2283194462, 0.0945867012877442
29296.2293707918, 0.0945866707037147
29296.2304221335, 0.0945865490281986
29296.2314735669, 0.0945863368121944
29296.2325251943, 0.094586035541426
29296.2335770776, 0.0945856476369909
29296.2346293092, 0.094585176411546
29296.2356819323, 0.0945846260675863
29296.2367350162, 0.0945840016241729
29296.2377885711, 0.094583308914843
29296.2388425997, 0.0945825545065582
29296.2398970997, 0.0945817456303405
29296.240952041, 0.0945808901249196
29296.2420073639, 0.094579996360982
29296.2430629958, 0.0945790731407799
29296.2441188673, 0.0945781295891772
29296.2451748884, 0.09457717507589
29296.2462309481, 0.0945762191138608
29296.2472869443, 0.0945752712268099
29296.2483427801, 0.0945743408468433
29296.2493983614, 0
29296.2504535886, 0
29296.2515083879, 0
29296.2525626951, 0
29296.253616465, 0
29296.2546696867, 0
29296.2557223547, 0
29296.2567744797, 0
29296.2578261137, 0
29296.2588773185, 0
29296.2599281665, 0
29296.2609787434, 0
29296.2620291657, 0
29296.2630795184, 0
29296.2641299208, 0
29296.2651804607, 0
29296.2662312399, 0
29296.2672823443, 0
29296.268333824, 0
29296.2693857403, 0
29296.2704381176, 0
29296.2714909826, 0
29296.2725443184, 0
29296.2735981122, 0
29296.2746523176, 0.0945728265162986
29296.2757068511, 0.0945736227781857
29296.2767616708, 0.094574434270048
29296.2778166768, 0.0945752515547073
29296.278871771, 0.0945760651270752
29296.2799268628, 0.0945768655244672
29296.2809818607, 0.0945776434250923
29296.2820366773, 0.0945783897553105
29296.2830912268, 0.0945790957886444
29296.2841454393, 0.0945797532515413
29296.2851992646, 0.0945803544144597
29296.286252674, 0.0945808921729239
29296.2873056657, 0.0945813601216936
29296.2883582492, 0.0945817526099329
29296.2894104621, 0.0945820648025814
29296.2904623421, 0.0945822927161829
29296.2915139669, 0.0945824332646266
29296.2925654108, 0.0945824842743394
29296.2936167596, 0.0945824445065735
29296.2946681182, 0.0945823136634633
29296.2957195701, 0.0945820923923951
29296.2967712101, 0.0945817822768139
29296.2978231359, 0.0945813858179772
29296.298875392, 0.0945809064355104
29296.2999280557, 0.0945803484032443
29296.300981163, 0.0945797168395535
29296.3020347431, 0.0945790176438789
29296.3030887977, 0.0945782574529826
29296.3041433209, 0.0945774435623008
29296.3051982764, 0.0945765838699758
29296.3062536147, 0.0945756867836882
29296.3073092597, 0.0945747611445732
29296.3083651354, 0.0945738161097541
29296.3094211449, 0.094572861071701
29296.3104771826, 0.0945719055444797
29296.3115331477, 0.0945709590458485
29296.3125889468, 0.0945700309895912
29296.3136444755, 0
29296.3146996458, 0
29296.3157543698, 0
29296.3168086023, 0
29296.3178622976, 0
29296.3189154494, 0
29296.3199680566, 0
29296.3210201416, 0
29296.3220717446, 0
29296.3231229278, 0
29296.3241737766, 0
29296.3252243676, 0
29296.3262748029, 0
29296.3273251938, 0
29296.3283756248, 0
29296.3294261971, 0
29296.3304770052, 0
29296.3315281322, 0
29296.3325796463, 0
29296.3336316002, 0
29296.3346840258, 0
29296.3357369344, 0
29296.3367903208, 0
29296.337844161, 0
29296.3388984074, 0.0945686876786008
29296.3399530058, 0.0945694858443572
29296.3410078683, 0.0945702982875852
29296.3420629065, 0.0945711155685336
29296.3431180334, 0.0945719281901001
29296.3441731378, 0.0945727266835781
29296.3452281431, 0.0945735017588823
29296.3462829497, 0.0945742443642784
29296.3473374784, 0.0945749458188323
29296.3483916622, 0.0945755979009998
29296.3494454618, 0.0945761929458493
29296.3504988415, 0.094576723910296
29296.3515517895, 0.0945771844583589
29296.3526043319, 0.0945775690265118
29296.3536565058, 0.0945778728634941
29296.3547083612, 0.0945780920764073
29296.3557599562, 0.0945782236663681
29296.3568113763, 0.0945782655561358
29296.357862718, 0.0945782166011406
29296.3589140761, 0.0945780765980977
29296.35996553, 0.094577846290791
29296.3610171764, 0.0945775273569497
29296.3620690967, 0.0945771223969248
29296.3631213668, 0.0945766349078063
29296.3641740577, 0.0945760692484353
29296.365227193, 0.0945754306235376
29296.3662807991, 0.0945747250098447
29296.3673348964, 0.0945739590988748
29296.3683894547, 0.094573140264577
29296.369444442, 0.0945722764555891
29296.3704998047, 0.0945713761282686
29296.3715554632, 0.0945704481625765
29296.3726113414, 0.0945695017417251
29296.3736673594, 0.0945685462581825
29296.3747233897, 0.0945675912509153
29296.3757793306, 0.0945666462328444
29296.3768350893, 0.0945657206006095
29296.3778905612, 0
29296.3789456631, 0
29296.3800003275, 0
29296.3810544905, 0
29296.3821081143, 0
29296.3831611866, 0
29296.3842137142, 0
29296.3852657304, 0
29296.3863172648, 0
29296.3873683865, 0
29296.3884191789, 0
29296.3894697339, 0
29296.390520146, 0
29296.3915705151, 0
29296.3926209367, 0
29296.3936715196, 0
29296.3947223509, 0
29296.3957735055, 0
29296.396825055, 0
29296.3978770482, 0
29296.3989295154, 0
29296.399982477, 0
29296.4010359118, 0
29296.4020897911, 0
29296.4031440726, 0.0945645484846009
29296.4041986779, 0.0945653484317425
29296.4052535524, 0.0945661617221097
29296.4063085901, 0.0945669788927606
29296.4073637057, 0.0945677904483318
29296.4084188069, 0.0945685869457372
29296.4094737741, 0.0945693590842065
29296.4105285502, 0.0945700978752213
29296.4115830297, 0.0945707946611542
29296.4126371556, 0.0945714412787906
29296.4136908888, 0.0945720301232413
29296.4147442014, 0.0945725542234176
29296.4157970898, 0.0945730073203061
29296.4168495659, 0.0945733839241656
29296.4179016783, 0.0945736793731381
29296.4189534844, 0.0945738898641908
29296.4200050419, 0.0945740124885077
29296.4210564338, 0.09457404526148
29296.4221077479, 0.0945739871340117
29296.4231590846, 0.094573837999282
29296.4242105378, 0.0945735986927994
29296.4252621929, 0.0945732709866772
29296.4263141347, 0.0945728575708659
29296.4273664414, 0.0945723620281203
29296.4284191664, 0.0945717888098702
29296.4294723435, 0.0945711431954913
29296.4305260014, 0.0945704312333444
29296.431580147, 0.0945696596914306
29296.4326347568, 0.0945688359991644
29296.4336897834, 0.0945679681703214
29296.4347451753, 0.0945670647040565
29296.4358008673, 0.0945661345020441
29296.4368567748, 0.0945651867793427
29296.437912803, 0.0945642309563606
29296.4389688441, 0.0945632765580116
29296.4400247906, 0.0945623330960366
29296.441080535, 0.0945614099630207
29296.4421359853, 0
29296.4431910389, 0
29296.444245645, 0
29296.4452997483, 0
29296.4463532972, 0
29296.4474062916, 0
29296.4484587366, 0
29296.4495106516, 0
29296.450562104, 0
29296.4516131507, 0
29296.4526638787, 0
29296.4537143808, 0
29296.454764756, 0
29296.4558151019, 0
29296.4568655242, 0
29296.4579161158, 0
29296.4589669693, 0
29296.4600181629, 0
29296.4610697566, 0
29296.4621217901, 0
29296.4631742974, 0
29296.4642272867, 0
29296.4652807322, 0
29296.4663346261, 0.0243914161999751
29296.4673889101, 0.0945604088097023
29296.4684435257, 0.0945612104534108
29296.4694984045, 0.0945620244970491
29296.4705534349, 0.0945628414640337
29296.4716085335, 0.0945636518621636
29296.4726635951, 0.0945644462508667
29296.4737185256, 0.094565215371563
29296.4747732395, 0.0945659502483792
29296.4758276596, 0.0945666422868895
29296.4768817306, 0.094567283375822
29296.4779354041, 0.0945678659642638
29296.4789886624, 0.0945683831540547
29296.4800414888, 0.0945688287544184
29296.4810939106, 0.0945691973626615
29296.4821459698, 0.0945694843995024
29296.4831977243, 0.0945696861517822
29296.4842492396, 0.0945697998045641
29296.4853006084, 0.0945698234665467
29296.4863519139, 0.0945697561815092
29296.4874032559, 0.0945695979365618
29296.4884547239, 0.0945693496620051
29296.4895064252, 0.0945690132152321
29296.490558425, 0.0945685913801251
29296.4916107865, 0.094568087834265
29296.4926635736, 0.0945675071089581
29296.4937168253, 0.0945668545590017
29296.4947705529, 0.0945661363167097
29296.4958247653, 0.0945653592166515
29296.4968794384, 0.0945645307489173
29296.4979345262, 0.0945636589778072
29296.4989899831, 0.0945627524398411
29296.5000457246, 0.0945618200870878
29296.5004286387, 0.0945614773859997

