29294.5004286387, 0.0946999718455732
29294.5011230831, 0.094699746347052
29294.5021573835, 0.0946993444044209
29294.5032386554, 0.0946988428729271
29294.5043256211, 0.0946982594537071
29294.5054136609, 0.0946976013609048
29294.5065022696, 0.094696875007401
29294.5075913907, 0.094696087328037
29294.5086810007, 0.0946952459012989
29294.5097710736, 0.0946943588887657
29294.510861563, 0.0946934349634271
29294.5119523938, 0.0946924832279481
29294.5130434881, 0.0946915130954771
29294.5141347409, 0.0946905342090827
29294.5152260551, 0.094689556305062
29294.5163173296, 0.0946885891154096
29294.5174084522, 0.0946876422664085
29294.5184993342, 0
29294.5195898839, 0
29294.5206800229, 0
29294.521769674, 0
29294.5228588157, 0
29294.5239474291, 0
29294.5250355139, 0
29294.5261230914, 0
29294.5272102087, 0
29294.5282969141, 0
29294.5293832976, 0
29294.5304694306, 0
29294.5315554164, 0
29294.5326413498, 0
29294.5337273214, 0
29294.5348134387, 0
29294.5358997865, 0
29294.5369864314, 0
29294.5380734424, 0
29294.5391608641, 0
29294.5402487235, 0
29294.5413370305, 0
29294.5424257877, 0
29294.5435149472, 0.0946857299157512
29294.5446044571, 0.0946865270101169
29294.5456942842, 0.0946873467498793
29294.5467843319, 0.0946881795996403
29294.5478745283, 0.0946890158935319
29294.5489647772, 0.0946898459044264
29294.5500549831, 0.0946906599706611
29294.5511450443, 0.0946914485985332
29294.5522348952, 0.0946922025978099
29294.5533244437, 0.0946929131381299
29294.5544136287, 0.0946935718862397
29294.5555024011, 0.0946941710816462
29294.5565907498, 0.0946947036311057
29294.5576786598, 0.0946951631582896
29294.5587661455, 0.0946955440850439
29294.559853245, 0.0946958416797112
29294.5609400079, 0.0946960520968269
29294.562026514, 0.0946961724141572
29294.5631128511, 0.0946962006509259
29294.564199099, 0.0946961357860158
29294.5652853503, 0.0946959777675252
29294.5663717344, 0.0946957275005113
29294.5674583265, 0.0946953868538708
29294.5685452153, 0.0946949586334162
29294.5696324811, 0.0946944465580493
29294.570720186, 0.0946938552298237
29294.5718083711, 0.0946931900943356
29294.5728970599, 0.0946924573882995
29294.5739862444, 0.0946916640897883
29294.5750759263, 0.0946908178198064
29294.5761660683, 0.0946899267999194
29294.5772566112, 0.0946889997579108
29294.5783475, 0.0946880458133258
29294.5794386277, 0.0946870744293645
29294.5805299103, 0.0946860952450388
29294.5816212319, 0.0946851180168903
29294.5827124919, 0.0946841524696671
29294.5838035843, 0.0946832082058258
29294.5848944251, 0
29294.5859849211, 0
29294.5870750031, 0
29294.5881646136, 0
29294.5892537152, 0
29294.5903422815, 0
29294.5914303171, 0
29294.5925178491, 0
29294.5936049149, 0
29294.5946915817, 0
29294.5957779191, 0
29294.5968640214, 0
29294.5979499792, 0
29294.5990358865, 0
29294.6001218466, 0
29294.6012079609, 0
29294.6022943096, 0
29294.6033809721, 0
29294.6044680074, 0
29294.6055554719, 0
29294.6066433789, 0
29294.6077317523, 0
29294.6088205555, 0
29294.6099097713, 0.094681465263637
29294.61099935, 0.0946822649617436
29294.6120892184, 0.0946830863576999
29294.6131792995, 0.0946839199114594
29294.6142695218, 0.0946847559489022
29294.6153597692, 0.0946855847300875
29294.6164499672, 0.0946863966225078
29294.6175400335, 0.0946871821695946
29294.6186298679, 0.0946879321896541
29294.6197193912, 0.0946886379055296
29294.6208085592, 0.0946892910468579
29294.6218973266, 0.0946898839144595
29294.6229856592, 0.0946904094705306
29294.6240735621, 0.0946908614239912
29294.6251610477, 0.0946912342754804
29294.6262481534, 0.0946915233781234
29294.6273349286, 0.09469172497558
29294.6284214343, 0.0946918362367947
29294.6295077784, 0.0946918552798243
29294.6305940442, 0.0946917811788137
29294.6316803275, 0.0946916139761872
29294.6327667253, 0.0946913546793603
29294.633853348, 0.0946910052446357
29294.6349402586, 0.0946905685780191
29294.6360275631, 0.0946900484764441
29294.6371153086, 0.0946894496319568
29294.6382035505, 0.094688777560145
29294.6392922948, 0.0946880385807064
29294.6403815493, 0.0946872397268617
29294.6414712866, 0.0946863887000689
29294.6425614752, 0.0946854937697746
29294.6436520605, 0.094684563702668
29294.6447429737, 0.094683607663701
29294.6458341186, 0.0946826351300301
29294.6469254005, 0.094681655763275
29294.6480167137, 0.0946806793135263
29294.6491079519, 0.0946797155021065
29294.6501990169, 0.0946787739060439
29294.6512898133, 0
29294.6523802534, 0
29294.65347029, 0
29294.6545598505, 0
29294.6556488963, 0
29294.6567374219, 0
29294.657825416, 0
29294.6589129078, 0
29294.6599999434, 0
29294.6610865732, 0
29294.662172873, 0
29294.6632589382, 0
29294.664344863, 0
29294.6654307386, 0
29294.6665166818, 0
29294.6676027844, 0
29294.6686891403, 0
29294.6697758225, 0
29294.6708628971, 0
29294.6719504015, 0
29294.6730383709, 0
29294.6741268071, 0
29294.6752156839, 0
29294.6763049664, 0.0946772002607474
29294.6773946132, 0.0946780024644413
29294.6784845379, 0.0946788254286929
29294.6795746672, 0.09467965959808
29294.6806649235, 0.0946804952864958
29294.6817551978, 0.0946813227623935
29294.682845412, 0.0946821324041382
29294.6839354597, 0.0946829147624283
29294.6850252795, 0.0946836607184544
29294.6861147839, 0.0946843615330233
29294.68720393, 0.0946850089896949
29294.6882926643, 0.0946855954465958
29294.6893809697, 0.0946861139449346
29294.690468847, 0.0946865582667706
29294.6915563257, 0.094686922999726
29294.6926434305, 0.0946872035771285
29294.6937302157, 0.0946873963332133
29294.6948167586, 0.0946874985296508
29294.6959031309, 0.094687508375154
29294.6969894419, 0.0946874250408971
29294.6980757789, 0.0946872486646151
29294.6991622473, 0.0946869803462721
29294.7002489374, 0.0946866221407545
29294.7013359274, 0.0946861770409674
29294.7024233027, 0.0946856489408476
29294.7035111214, 0.0946850426127149
29294.7045994267, 0.0946843636589104
29294.7056882333, 0.0946836184680966
29294.7067775587, 0.0946828141322689
29294.7078673729, 0.0946819584123276
29294.7089576196, 0.0946810596487662
29294.7100482515, 0.0946801266451221
29294.7111391922, 0.0946791686059005
29294.7122303609, 0.0946781950174671
29294.7133216453, 0.0946772155688231
29294.7144129647, 0.0946762399892162
29294.7155041956, 0.0946752780058532
29294.7165952535, 0.0946743391640365
29294.7176860428, 0
29294.718776475, 0
29294.7198664787, 0
29294.720956011, 0
29294.7220450181, 0
29294.7231335038, 0
29294.7242214616, 0
29294.7253089137, 0
29294.7263959086, 0
29294.7274825005, 0
29294.7285687683, 0
29294.7296548114, 0
29294.730740725, 0
29294.7318266038, 0
29294.7329125457, 0
29294.7339986626, 0
29294.7350850343, 0
29294.7361717492, 0
29294.7372588634, 0
29294.7383464227, 0
29294.7394344449, 0
29294.7405229358, 0
29294.7416118728, 0
29294.7427012149, 0.0946729350849902
29294.7437909082, 0.0946737396984029
29294.7448808788, 0.0946745641393694
29294.7459710499, 0.0946753988333622
29294.7470613118, 0.0946762340631108
29294.7481515975, 0.0946770601335396
29294.7492417904, 0.094677867409142
29294.7503318125, 0.0946786464877875
29294.7514215987, 0.0946793882834046
29294.7525110488, 0.0946800840943392
29294.7536001377, 0.094680725770837
29294.7546888103, 0.0946813057329987
29294.7557770561, 0.0946818170956315
29294.7568648758, 0.0946822537175053
29294.7579523001, 0.0946826102691464
29294.7590393808, 0.0946828822772269
29294.7601261554, 0.0946830661588437
29294.7612126949, 0.0946831592672984
29294.7622990985, 0.0946831599057673
29294.7633854457, 0.0946830673385503
29294.7644718375, 0.0946828817976654
29294.7655583732, 0.0946826044774947
29294.7666451377, 0.0946822375274488
29294.767732216, 0.0946817840283151
29294.7688196882, 0.0946812479627369
29294.7699075977, 0.0946806341944421
29294.7709959837, 0.0946799484089664
29294.7720848645, 0.0946791970671425
29294.773174248, 0.0946783873350597
29294.7742641105, 0.0946775270289705
29294.7753544009, 0.094676624535295
29294.7764450812, 0.0946756886902113
29294.7775360697, 0.0946747287333991
29294.7786272674, 0.094673754188742
29294.779718586, 0.0946727747348367
29294.7808099216, 0.0946718001216248
29294.7819011705, 0.0946708400486235
29294.7829922327, 0.0946699040538095
29294.7840830081, 0
29294.7851734164, 0
29294.7862633949, 0
29294.7873528835, 0
29294.7884418498, 0
29294.7895303, 0
29294.7906182044, 0
29294.791705599, 0
29294.7927925543, 0
29294.7938791141, 0
29294.7949653618, 0
29294.7960513937, 0
29294.7971373001, 0
29294.7982231914, 0
29294.7993091632, 0
29294.8003953038, 0
29294.8014817145, 0
29294.8025684716, 0
29294.803655625, 0
29294.804743231, 0
29294.8058312923, 0
29294.8069198228, 0
29294.8080087953, 0
29294.8090981766, 0.0946686696687296
29294.8101879048, 0.0946694766014118
29294.811277887, 0.0946703024088348
29294.8123680723, 0.0946711375201803
29294.8134583363, 0.0946719722018022
29294.8145486039, 0.0946727967580324
29294.8156387716, 0.0946736015795332
29294.8167287622, 0.0946743772911624
29294.8178184985, 0.0946751148349754
29294.818907893, 0.0946758055649566
29294.8199969017, 0.0946764413757912
29294.8210855057, 0.094677014772851
29294.8221736795, 0.0946775189329644
29294.823261437, 0.0946779477977895
29294.8243488117, 0.0946782961199781
29294.8254358305, 0.094678559506576
29294.8265225614, 0.0946787344741265
29294.8276090746, 0.0946788184669988
29294.8286954624, 0.0946788098817659
29294.8297818148, 0.0946787080772034
29294.8308682093, 0.0946785133834706
29294.8319547641, 0.0946782270871712
29294.8330415563, 0.0946778514319302
29294.8341286572, 0.0946773895952045
29294.8352161599, 0.0946768456420478
29294.8363041174, 0.0946762245126826
29294.8373925525, 0.0946755319782489
29294.8384814797, 0.0946747745741408
29294.8395709041, 0.0946739595340827
29294.8406608112, 0.0946730947245178
29294.8417511564, 0.0946721885746011
29294.8428418696, 0.0946712499871111
29294.8439328826, 0.0946702882213255
29294.8450241016, 0.0946693128165315
29294.8461154409, 0.0946683334583976
29294.8472067834, 0.0946673599080364
29294.8482980292, 0.0946664018498595
29294.8493890827, 0.0946654687959901
29294.8504798306, 0
29294.8515702053, 0
29294.8526601332, 0
29294.8537495688, 0
29294.8548384765, 0
29294.8559268392, 0
29294.8570146804, 0
29294.8581020302, 0
29294.8591889235, 0
29294.8602754464, 0
29294.8613616664, 0
29294.862447675, 0
29294.8635335691, 0
29294.8646194522, 0
29294.8657054194, 0
29294.8667915849, 0
29294.8678780353, 0
29294.8689648257, 0
29294.8700520185, 0
29294.8711396521, 0
29294.8722277533, 0
29294.8733163239, 0
29294.8744053332, 0.02581552338049
29294.8754947425, 0.0946644039702332
29294.8765844905, 0.0946652131147345
29294.8776745029, 0.0946660402044882
29294.878764695, 0.0946668756286606
29294.8798549709, 0.0946677096709855
29294.8809452399, 0.0946685326301748
29294.8820353842, 0.0946693349034386
29294.8831253266, 0.0946701071443198
29294.8842149965, 0.0946708403388357
29294.8853043287, 0.0946715259034813
29294.8863932728, 0.0946721557845675
29294.8874818061, 0.0946727225496933
29294.8885699125, 0.0946732194522138
29294.8896576084, 0.0946736405118484
29294.8907449108, 0.0946739805591998
29294.8918318745, 0.0946742352979671
29294.8929185572, 0.0946744013317124
29294.8940050336, 0.0946744761984573
29294.8950913884, 0.0946744583892741
29294.8961777058, 0.0946743473606699
29294.8972640934, 0.0946741435343289
29294.8983506287, 0.0946738482988942
29294.8994374115, 0.0946734639869376
29294.900524525, 0.0946729938596529
29294.9016120262, 0.0946724420845589
29294.9026999769, 0.0946718136824551
29294.9037884157, 0.0946711144924184
29294.9048773518, 0.0946703511226739
29294.9059667905, 0.0946695308697294
29294.9070567122, 0.0946686616591003
29294.9081470765, 0.0946677519637655
29294.9092377971, 0.0946668107384749
29294.9103288129, 0.0946658472656307
29294.9114200206, 0.0946648711115353
29294.9125113386, 0.0946638919669007
29294.9136026587, 0.09466291958255
29294.9146938641, 0.0946619636452477
29294.9157848646, 0.0946610336387623
29294.9168755627, 0
29294.9179658691, 0
29294.9190557241, 0
29294.9201450818, 0
29294.9212339031, 0
29294.9223221881, 0
29294.9234099619, 0
29294.9244972339, 0
29294.9255840671, 0
29294.9266705246, 0
29294.9277566964, 0
29294.9288426581, 0
29294.9299285232, 0
29294.9310143761, 0
29294.9321003412, 0
29294.9331865061, 0
29294.9342729519, 0
29294.9353597505, 0
29294.9364469765, 0
29294.9375346561, 0
29294.9386228133, 0
29294.9397114306, 0
29294.9408004864, 0.094659352944685
29294.9418899495, 0.0946601377809008
29294.9429797411, 0.0946609490434592
29294.9440697871, 0.0946617773073639
29294.945159994, 0.0946626129412825
29294.9462502801, 0.0946634462371357
29294.9473405413, 0.0946642674911015
29294.9484306887, 0.09466506714036
29294.9495206306, 0.0946658358552535
29294.9506102863, 0.0946665646531889
29294.9516995977, 0.0946672450037091
29294.9527885157, 0.0946678689107111
29294.9538770299, 0.0946684290126986
29294.9549651149, 0.0946689186293766
29294.9560527883, 0.0946693318592479
29294.9571400766, 0.09466966361939
29294.9582270271, 0.094669909698326
29294.9593136995, 0.0946700667916349
29294.9604001638, 0.0946701325312422
29294.9614865183, 0.0946701055042863
29294.9625728412, 0.0946699852625555
29294.9636592246, 0.0946697723270235
29294.9647457642, 0.0946694681792318
29294.9658325423, 0.0946690752506742
29294.9669196476, 0.0946685968930442
29294.9680071539, 0.0946680373525057
29294.9690951123, 0.0946674017358966
29294.9701835559, 0.0946666959621344
29294.9712725018, 0.0946659267042002
29294.9723619632, 0.0946651013143333
29294.9734519007, 0.0946642277875525
29294.97454226, 0.0946633146557816
29294.9756329938, 0.0946623708784326
29294.9767240093, 0.0946614057925359
29294.9778152266, 0.0946604289616149
29294.9789065341, 0.0946594501108421
29294.9799978258, 0.0946584789862734
29294.9810889951, 0.0946575252519113
29294.9821799402, 0.0946565983775827
29294.9832705743, 0
29294.9843608038, 0
29294.9854505844, 0
29294.9865398556, 0
29294.9876285962, 0
29294.9887167982, 0
29294.9898044824, 0
29294.9908916823, 0
29294.99197844, 0
29294.9930648332, 0
29294.9941509354, 0
29294.9952368398, 0
29294.996322668, 0
29294.997408513, 0
29294.9984944604, 0
29294.9995806182, 0
29295.0006670773, 0
29295.0017539169, 0
29295.0028411745, 0
29295.0039289018, 0
29295.0050171174, 0
29295.0061057966, 0
29295.0071949177, 0.0946550835149367
29295.0082844339, 0.0946558712946304
29295.0093742713, 0.0946566845798482
29295.0104643622, 0.0946575139275198
29295.0115546167, 0.0946583496967668
29295.0126449335, 0.0946591821620794
29295.0137352032, 0.0946600016243836
29295.0148253494, 0.0946607985497173
29295.0159152891, 0.0946615636445207
29295.0170049325, 0.0946622879591485
29295.0180942402, 0.0946629630238693
29295.0191831559, 0.0946635808942747
29295.0202716666, 0.094664134272064
29295.021359752, 0.0946646165514008
29295.0224474224, 0.0946650219060343
29295.0235347124, 0.0946653453399434
29295.024621662, 0.094665582728033
29295.0257083381, 0.0946657308595851
29295.0267948186, 0.0946657874606604
29295.0278811808, 0.0946657512135339
29295.02896751, 0.0946656217687747
29295.0300539108, 0.0946653997420406
29295.0311404772, 0.0946650867086982
29295.0322273086, 0.0946646851849811
29295.0333144634, 0.0946641986219442
29295.0344020215, 0.0946636313499994
29295.0354900333, 0.0946629885580143
29295.0365785409, 0.0946622762345691
29295.0376675531, 0.09466150112674
29295.0387570657, 0.0946606706623391
29295.0398470447, 0.0946597928885799
29295.0409374471, 0.0946588763742966
29295.0420282083, 0.0946579301308577
29295.0431192406, 0.0946569635182981
29295.044210456, 0.0946559861247232
29295.0453017596, 0.0946550076671034
29295.0463930276, 0.0946540379031882
29295.0474841662, 0.0946530864706914
29295.0485750784, 0
29295.0496656619, 0
29295.0507558485, 0
29295.0518455671, 0
29295.0529347666, 0
29295.0540234261, 0
29295.0551115646, 0
29295.0561991668, 0
29295.0572862825, 0
29295.0583729555, 0
29295.0594592735, 0
29295.0605453033, 0
29295.0616311617, 0
29295.0627169363, 0
29295.0638027397, 0
29295.0648886738, 0
29295.0659748366, 0
29295.0670613276, 0
29295.0681481945, 0
29295.0692355105, 0
29295.0703232807, 0
29295.0714115342, 0
29295.0725002483, 0
29295.0735894032, 0.0946508139052785
29295.0746789528, 0.0946516045350976
29295.075768822, 0.0946524197503014
29295.0768589277, 0.0946532500744494
29295.077949184, 0.0946540858579814
29295.0790395042, 0.0946549173857573
29295.080129785, 0.0946557349730698
29295.0812199377, 0.0946565290965073
29295.0823098778, 0.0946572904914596
29295.0833995257, 0.0946580102553871
29295.084488828, 0.0946586799584003
29295.0855777453, 0.0946592917241424
29295.0866662427, 0.0946598383082263
29295.0877543106, 0.0946603131848252
29295.0888419724, 0.0946607106122079
29295.0899292502, 0.0946610256739952
29295.0910162019, 0.0946612543383978
29295.0921028639, 0.0946613934817366
29295.0931893309, 0.0946614409300867
29295.0942756943, 0.0946613954621344
29295.0953620497, 0.0946612568213106
29295.0964484915, 0.0946610257173741
29295.0975351112, 0.0946607038194522
29295.0986219997, 0.0946602937384187
29295.0997092408, 0.0946597990029422
29295.1007968994, 0.0946592240321703
29295.1018850209, 0.0946585740968785
29295.1029736243, 0.0946578552757305
29295.1040627291, 0.0946570743796512
29295.1051523233, 0.094656238904916
29295.1062423882, 0.0946553569412663
29295.107332853, 0.094654437126193
29295.108423658, 0.0946534885043455
29295.1095147291, 0.0946525204508319
29295.1106059644, 0.0946515425825431
29295.1116972697, 0.0946505646212062
29295.1127885332, 0.0946495963087326
29295.1138796669, 0.0946486472621697
29295.1149705626, 0
29295.116061126, 0
29295.1171512723, 0
29295.1182409499, 0
29295.1193301017, 0
29295.1204187023, 0
29295.1215067604, 0
29295.1225942839, 0
29295.1236813105, 0
29295.1247679136, 0
29295.1258541508, 0
29295.1269401261, 0
29295.1280259289, 0
29295.129111684, 0
29295.1301974936, 0
29295.13128344, 0
29295.1323696339, 0
29295.1334561558, 0
29295.1345430599, 0
29295.1356304057, 0
29295.1367182125, 0
29295.1378065077, 0
29295.1388952542, 0
29295.139984436, 0.0946465440956095
29295.1410739875, 0.0946473374711645
29295.1421638521, 0.0946481545037745
29295.1432539616, 0.0946489857080179
29295.1443442192, 0.0946498214160984
29295.1454345293, 0.0946506519065057
29295.1465247998, 0.0946514675139121
29295.1476149442, 0.0946522587376924
29295.1487048731, 0.09465301634103
29295.1497945144, 0.0946537314671651
29295.1508837972, 0.0946543957252024
29295.1519726824, 0.0946550012994882
29295.1530611529, 0.0946555410227055
29295.1541491775, 0.0946560084331839
29295.1552367914, 0.0946563978764092
29295.1563240229, 0.0946567045243008
29295.157410934, 0.0946569244355385
29295.1584975762, 0.0946570545802425
29295.1595840351, 0.0946570928754926
29295.160670401, 0.0946570381949758
29295.1617567742, 0.0946568903770328
29295.1628432465, 0.0946566502261912
29295.16392992, 0.0946563195012631
29295.1650168915, 0.0946559008988661
29295.1661042107, 0.0946553980485993
29295.1671919598, 0.094654815446966
29295.1682801774, 0.0946541584477294
29295.1693688835, 0.0946534332029117
29295.1704580846, 0.0946526466003889
29295.1715477746, 0.0946518061937074
29295.1726379123, 0.0946509201442505
29295.1737284388, 0.0946499971257687
29295.1748193205, 0.0946490461953799
29295.1759104327, 0.0946480767981126
29295.1770016909, 0.0946470985510697
29295.1780930164, 0.0946461211670049
29295.1791842864, 0.0946451543915967
29295.1802754073, 0.0946442078299108
29295.1813662821, 0
29295.1824568073, 0
29295.1835469123, 0
29295.1846365368, 0
29295.1857256395, 0
29295.1868141883, 0
29295.1879021895, 0
29295.1889896824, 0
29295.1900766857, 0
29295.191163267, 0
29295.192249503, 0
29295.1933354842, 0
29295.1944213092, 0
29295.1955070884, 0
29295.1965929287, 0
29295.1976789239, 0
29295.1987651677, 0
29295.1998517404, 0
29295.2009386967, 0
29295.2020260958, 0
29295.2031139455, 0
29295.204202274, 0
29295.2052910505, 0
29295.2063802644, 0.0946422739555372
29295.2074698474, 0.0946430700005237
29295.2085597389, 0.0946438887733717
29295.2096498561, 0.0946447207578047
29295.2107401339, 0.0946455563008846
29295.211830467, 0.0946463856750244
29295.2129207462, 0.0946471992138314
29295.214010903, 0.0946479874520632
29295.2151008266, 0.094648741170061
29295.2161904539, 0.0946494515604848
29295.2172797234, 0.0946501102899512
29295.218368597, 0.0946507096025835
29295.2194570443, 0.0946512423916589
29295.2205450483, 0.0946517022777647
29295.2216326309, 0.0946520836820808
29295.2227198379, 0.0946523818690369
29295.2238067261, 0.0946525929852759
29295.2248933486, 0.0946527140946488
29295.2259798019, 0.0946527432095769
29295.2270661835, 0.0946526792971779
29295.2281525732, 0.0946525222923068
29295.229239081, 0.0946522730919487
29295.2303258042, 0.0946519335478451
29295.231412836, 0.0946515064482783
29295.2325002303, 0.094650995508501
29295.2335880478, 0.0946504053200787
29295.2346763407, 0.09464974130992
29295.2357651222, 0.0946490097083379
29295.2368544075, 0.0946482174642871
29295.2379441627, 0.0946473722125496
29295.2390343551, 0.0946464821619848
29295.240124942, 0.0946455560163106
29295.2412158552, 0.0946446028967741
29295.242306987, 0.0946436322584595
29295.2433982534, 0.094642653732105
29295.2444895643, 0.0946416770437442
29295.2455808117, 0.0946407119184175
29295.2466719054, 0.0946397679401417
29295.2477627326, 0
29295.2488532133, 0
29295.2499432701, 0
29295.2510328329, 0
29295.2521218743, 0
29295.2532103805, 0
29295.2542983468, 0
29295.2553857888, 0
29295.2564727718, 0
29295.2575593354, 0
29295.2586455753, 0
29295.2597315709, 0
29295.2608174249, 0
29295.2619032432, 0
29295.2629891145, 0
29295.264075157, 0
29295.2651614376, 0
29295.2662480548, 0
29295.2673350539, 0
29295.2684224872, 0
29295.269510381, 0
29295.2705987521, 0
29295.2716875737, 0
29295.2727768098, 0.0946380033923918
29295.2738664301, 0.0946388020093052
29295.2749563628, 0.0946396224290902
29295.2760465306, 0.0946404551214751
29295.2771368414, 0.0946412904048792
29295.2782272005, 0.0946421185619403
29295.2793175132, 0.0946429299496929
29295.2804076732, 0.094643715098486
29295.2814976091, 0.0946444648507243
29295.2825872423, 0.0946451704303415
29295.2836765025, 0.0946458235513124
29295.2847653514, 0.0946464165198114
29295.2858537656, 0.0946469423030897
29295.2869417465, 0.0946473946055081
29295.2880293114, 0.0946477679258015
29295.2891165093, 0.0946480576140652
29295.2902033791, 0.094648259902784
29295.2912899946, 0.0946483719533317
29295.2923764526, 0.0946483918712698
29295.2934628322, 0.0946483187200946
29295.2945492451, 0.0946481525279944
29295.2956357808, 0.0946478942882441
29295.2967225301, 0.0946475459492586
29295.2978095814, 0.0946471103947495
29295.2988970073, 0.0946465914214608
29295.2999848581, 0.0946459937094707
29295.3010731722, 0.094645322774062
29295.3021619827, 0.0946445849074159
29295.3032513046, 0.0946437871239807
29295.3043411014, 0.0946429371188423
29295.3054313249, 0.0946420431641044
29295.3065219416, 0.0946411139987088
29295.3076128738, 0.0946401587849896
29295.3087040281, 0.0946391869886685
29295.3097953048, 0.0946382082673
29295.3108866183, 0.0946372323456365
29295.3119778504, 0.0946362689497292
29295.3130688967, 0.0946353276568062
29295.3141596618, 0
29295.3152500747, 0
29295.3163400563, 0
29295.3174295489, 0
29295.3185185295, 0
29295.3196069641, 0
29295.3206948668, 0
29295.3217822584, 0
29295.3228691922, 0
29295.323955739, 0
29295.3250419598, 0
29295.3261279474, 0
29295.3272138061, 0
29295.3282996303, 0
29295.3293855311, 0
29295.3304715972, 0
29295.3315579055, 0
29295.3326445407, 0
29295.3337315751, 0
29295.3348190338, 0
29295.33590697, 0
29295.3369953714, 0
29295.338084235, 0
29295.3391735233, 0.0946337325797925
29295.3402631771, 0.0946345336824191
29295.3413531387, 0.0946353556537848
29295.3424433174, 0.0946361889357637
29295.3435336488, 0.0946370238608876
29295.3446240289, 0.0946378507081487
29295.3457143372, 0.0946386598290199
29295.3468044959, 0.0946394417995983
29295.3478944117, 0.0946401874809907
29295.3489840131, 0.0946408881473392
29295.3500732334, 0.094641535568826
29295.3511620467, 0.0946421221203782
29295.3522504362, 0.0946426408401394
29295.3533383769, 0.0946430854959186
29295.3544259017, 0.0946434506761297
29295.3555130593, 0.0946437318176493
29295.356599906, 0.0946439252466321
29295.3576865103, 0.0946440282142349
29295.3587729537, 0.0946440389198395
29295.3598593322, 0.0946439565236351
29295.3609457389, 0.0946437811519437
29295.3620322739, 0.0946435138935855
29295.363119034, 0.094643156788788
29295.364206099, 0.0946427128151166
29295.3652935404, 0.0946421858585851
29295.3663814131, 0.0946415806807491
29295.3674697639, 0.0946409028695957
29295.3685586133, 0.0946401587967376
29295.3696479602, 0.0946393555549679
29295.370737777, 0.0946385008928261
29295.3718280374, 0.094637603114629
29295.3729186777, 0.0946366710250625
29295.3740096216, 0.0946357138178963
29295.3751007857, 0.094634740972123
29295.3761920625, 0.0946337621639992
29295.37728336, 0.0946327871250218
29295.3783745688, 0.0946318255637858
29295.379465584, 0.0946308870378983
29295.3805563104, 0
29295.3816466643, 0
29295.3827365797, 0
29295.3838259988, 0
29295.3849148777, 0
29295.3860032055, 0
29295.3870910114, 0
29295.3881783146, 0
29295.3892651601, 0
29295.3903516205, 0
29295.391437772, 0
29295.3925237099, 0
29295.3936095308, 0
29295.3946953243, 0
29295.3957811925, 0
29295.3968672454, 0
29295.3979535504, 0
29295.3990401998, 0
29295.4001272385, 0
29295.4012147218, 0
29295.4023026735, 0
29295.4033910854, 0
29295.4044799539, 0
29295.4055692444, 0.0946294613513528
29295.4066589093, 0.0946302648404127
29295.4077488748, 0.0946310882618348
29295.408839063, 0.0946319220509382
29295.409929379, 0.0946327565106421
29295.4110197385, 0.0946335819394396
29295.412110034, 0.094634388713532
29295.4132001516, 0.0946351674077554
29295.4142900256, 0.0946359089392084
29295.4153795755, 0.0946366046210589
29295.4164687511, 0.0946372462876571
29295.417557497, 0.0946378263597125
29295.4186458161, 0.0946383379577613
29295.4197337047, 0.0946387749346608
29295.4208211708, 0.0946391319500265
29295.4219082706, 0.0946394045312345
29295.4229950634, 0.0946395890963491
29295.4240816226, 0.0946396829906323
29295.4251680449, 0.0946396845075951
29295.4262544139, 0.0946395929008552
29295.4273408259, 0.0946394083912869
29295.4284273755, 0.0946391321628738
29295.4295141596, 0.094638766348953
29295.4306012551, 0.0946383140189184
29295.4316887434, 0.0946377791409179
29295.4327766678, 0.0946371665644292
29295.4338650803, 0.0946364819519166
29295.4349539849, 0.0946357317578374
29295.4360433797, 0.0946349231422067
29295.4371332513, 0.0946340639009454
29295.4382235561, 0.0946331624011948
29295.4393142502, 0.0946322274716813
29295.4404052468, 0.0946312683457874
29295.4414964415, 0.0946302945424159
29295.4425877491, 0.0946293157288447
29295.4436790572, 0.0946283416552572
29295.4447702667, 0.0946273820104651
29295.4458612734, 0.0946264463304768
29295.4469519729, 0
29295.4480422842, 0
29295.4491321378, 0
29295.4502214856, 0
29295.4513102893, 0
29295.4523985439, 0
29295.4534862641, 0
29295.4545734776, 0
29295.4556602543, 0
29295.4567466393, 0
29295.4578327311, 0
29295.4589186167, 0
29295.4600043858, 0
29295.4610901529, 0
29295.4621760118, 0
29295.4632620641, 0
29295.4643483768, 0
29295.4654350362, 0
29295.4665220943, 0
29295.4676095905, 0
29295.468697562, 0
29295.4697860007, 0
29295.4708748931, 0
29295.4719642007, 0.0946251898782232
29295.4730538683, 0.0946259956607944
29295.4741438243, 0.0946268204332895
29295.4752339882, 0.09462765461332
29295.4763242691, 0.0946284885019827
29295.4774145928, 0.0946293124113582
29295.4785048415, 0.0946301167261372
29295.4795949179, 0.0946308920600801
29295.4806847365, 0.0946316293526503
29295.4817742268, 0.0946323199707324
29295.4828633496, 0.0946329558100887
29295.4839520441, 0.0946335293505937
29295.4850402944, 0.0946340337746806
29295.4861281179, 0.0946344630237129
29295.4872155296, 0.0946348118417655
29295.4883025762, 0.0946350758398677
29295.48938932, 0.0946352515282502
29295.4904758518, 0.0946353363468693
29295.4915622533, 0.0946353286814858
29295.4926486082, 0.0946352278821896
29295.4937350252, 0.0946350342635181
29295.494821604, 0.0946347491001846
29295.4959084239, 0.0946343746214847
29295.4969955712, 0.0946339139833325
29295.4980831242, 0.0946333712403438
29295.499171117, 0.0946327513287435
29295.5002596017, 0.0946320599884727
29295.501348577, 0.0946313037490961
29295.5024380479, 0.094630489830209
29295.5035279973, 0.0946296260867423
29295.5046183706, 0.0946287209434995
29295.5057091185, 0.0946277832741872
29295.5068001574, 0.0946268223398265
29295.5078913998, 0.0946258476644983
29295.5089827426, 0.0946248689411299
29295.5100740767, 0.0946238959164002
29295.5111652791, 0.094622938288502
29295.5122562728, 0.0946220055473619
29295.5133469526, 0
29295.5144372259, 0
29295.5155270344, 0
29295.5166163289, 0
29295.5177050695, 0
29295.518793268, 0
29295.5198809193, 0
29295.5209680672, 0
29295.5220547875, 0
29295.5231411171, 0
29295.5242271629, 0
29295.5253130075, 0
29295.5263987593, 0
29295.5274845141, 0
29295.5285703768, 0
29295.5296564404, 0
29295.5307427841, 0
29295.5318294854, 0
29295.5329165846, 0
29295.5340041253, 0
29295.5350921303, 0
29295.5361806021, 0
29295.5372695217, 0.0127779612454995
29295.5383588567, 0.094620918024972
29295.5394485422, 0.0946217260091904
29295.5405385204, 0.0946225520519426
29295.5416286895, 0.0946233865399691
29295.5427189792, 0.0946242197858241
29295.5438092868, 0.0946250420862969
29295.5448995108, 0.0946258438559967
29295.5459895608, 0.0946266157410644
29295.5470793504, 0.0946273487178622
29295.5481688161, 0.0946280342042494
29295.5492579067, 0.0946286641439842
29295.5503465746, 0.0946292310886005
29295.5514348092, 0.0946297282927441
29295.5525226071, 0.0946301497658512
29295.5536100053, 0.0946304903437006
29295.5546970442, 0.0946307457215341
29295.5557837858, 0.0946309125001232
29295.5568703038, 0.0946309882124095
29295.5579566952, 0.094630971343142
29295.5590430601, 0.0946308613369981
29295.5601294912, 0.0946306586046701
29295.561216087, 0.094630364516921
29295.5623029438, 0.0946299813904812
29295.5633901395, 0.0946295124721866
29295.5644777372, 0.0946289619102295
29295.5655657952, 0.0946283347102156
29295.5666543409, 0.0946276367019492
29295.5677433948, 0.0946268744710991
29295.5688329356, 0.0946260553187984
29295.5699229615, 0.094625187144671
29295.5710134013, 0.0946242784345302
29295.5721041904, 0.094623338114721
29295.5731952622, 0.094622375461711
29295.5742865176, 0.0946214000290565
29295.5753778513, 0.094620421520213
29295.5764691555, 0.0946194496785068
29295.5775603523, 0.0946184941496991
29295.5786512961, 0.0946175644604606
29295.579741924, 0
29295.5808321488, 0
29295.5819219084, 0
29295.5830111486, 0
29295.5840998438, 0
29295.5851879919, 0
29295.5862755969, 0
29295.5873627061, 0
29295.5884493756, 0
29295.5895356727, 0
29295.5906216855, 0
29295.5917074986, 0
29295.5927932333, 0
29295.5938789735, 0
29295.5949648288, 0
29295.5960508937, 0
29295.5971372451, 0
29295.5982239625, 0
29295.5993110972, 0
29295.6003986837, 0
29295.6014867375, 0
29295.6025752728, 0
29295.6036642589, 0.09461586217219
29295.6047536461, 0.0946166457553308
29295.6058433765, 0.0946174558555938
29295.6069333896, 0.0946182830702595
29295.6080235863, 0.0946191177746458
29295.6091138936, 0.0946199502760478
29295.6102041987, 0.0946207708713713
29295.6112944123, 0.0946215700028328
29295.6123844534, 0.0946223383518909
29295.6134742306, 0.0946230669293831
29295.6145636827, 0.0946237472022783
29295.6156527488, 0.0946243711653475
29295.616741399, 0.0946249314451141
29295.6178296277, 0.0946254213688928
29295.6189174328, 0.0946258350224978
29295.6200048258, 0.0946261673157318
29295.621091864, 0.0946264140383948
29295.6221786186, 0.0946265718834321
29295.623265158, 0.0946266384751639
29295.6243515754, 0.0946266123930426
29295.6254379511, 0.0946264931809933
29295.6265244144, 0.0946262813422719
29295.6276110411, 0.0946259783457105
29295.6286979225, 0.0946255866044662
29295.629785148, 0.0946251094524602
29295.6308728032, 0.0946245511114951
29295.6319609066, 0.094623916688147
29295.6330495202, 0.0946232120679507
29295.6341386312, 0.0946224439271673
29295.635228245, 0.0946216196109365
29295.636318324, 0.0946207471012466
29295.6374088068, 0.0946198349243755
29295.6384996356, 0.0946188920392101
29295.6395907221, 0.0946179277694451
29295.6406819858, 0.0946169516707397
29295.6417733071, 0.0946159734671206
29295.6428645953, 0.0946150028835526
29295.6439557436, 0.0946140495776527
29295.6450466548, 0.0946131230095778
29295.6461372328, 0
29295.6472273924, 0
29295.6483170919, 0
29295.6494062743, 0
29295.6504949266, 0
29295.6515830273, 0
29295.6526705974, 0
29295.6537576683, 0
29295.6548443072, 0
29295.6559305727, 0
29295.6570165484, 0
29295.658102333, 0
29295.6591880408, 0
29295.6602737673, 0
29295.6613596128, 0
29295.662445663, 0
29295.6635320349, 0
29295.6646187824, 0
29295.6657059557, 0
29295.666793613, 0
29295.6678817479, 0
29295.6689703544, 0
29295.6700594189, 0.0946115864765201
29295.6711488733, 0.0946123730097699
29295.6722386707, 0.0946131851450762
29295.6733287334, 0.0946140134439052
29295.6744189688, 0.094614848273562
29295.6755092943, 0.0946156799319814
29295.6765996134, 0.0946164987371907
29295.6776898195, 0.094617295137711
29295.67877984, 0.0946180598515743
29295.6798696019, 0.0946187839415476
29295.6809590235, 0.0946194589099492
29295.6820480609, 0.0946200768201048
29295.6831366876, 0.094620630365065
29295.6842248863, 0.0946211129389954
29295.6853126634, 0.0946215187110466
29295.6864000599, 0.0946218426832399
29295.6874871112, 0.0946220807232358
29295.688573886, 0.0946222296140989
29295.6896604512, 0.0946222870738847
29295.6907469008, 0.0946222517775831
29295.6918333368, 0.0946221233618531
29295.6929198486, 0.0946219024297514
29295.6940065381, 0.0946215905408036
29295.6950934905, 0.0946211902011277
29295.6961807824, 0.0946207048397898
29295.6972684985, 0.0946201387668101
29295.6983566765, 0.0946194971600142
29295.6994453581, 0.0946187859922051
29295.7005345347, 0.0946180120075986
29295.7016242039, 0.0946171826200035
29295.7027143275, 0.0946163058677631
29295.7038048592, 0.0946153903110117
29295.7048957189, 0.0946144449643619
29295.7059868283, 0.0946134791706174
29295.7070781073, 0.0946125025018764
29295.7081694374, 0.0946115246880339
29295.7092607147, 0.0946105554615942
29295.7103518365, 0.094609604461473
29295.7114427129, 0.00291162844399206
29295.7125332571, 0
29295.7136233929, 0
29295.714713051, 0
29295.7158021953, 0
29295.716890803, 0
29295.7179788644, 0
29295.7190664016, 0
29295.7201534398, 0
29295.7212400391, 0
29295.7223262751, 0
29295.7234122393, 0
29295.7244980133, 0
29295.7255837136, 0
29295.7266694387, 0
29295.7277552869, 0
29295.728841372, 0
29295.7299277821, 0
29295.7310145696, 0
29295.7321017922, 0
29295.7331894963, 0
29295.7342776841, 0
29295.7353663436, 0
29295.7364554614, 0.0946073103945706
29295.7375449755, 0.0946080997897961
29295.7386348112, 0.0946089138532988
29295.739724915, 0.0946097431426545
29295.7408151737, 0.0946105779980665
29295.7419055003, 0.0946114087133005
29295.7429958097, 0.0946122256249422
29295.7440859985, 0.0946130192044514
29295.7451759817, 0.09461378019175
29295.7462657004, 0.0946144997006606
29295.747355074, 0.094615169283814
29295.7484440541, 0.0946157810609174
29295.749532621, 0.0946163277957686
29295.7506207684, 0.0946168029608202
29295.7517085019, 0.0946172008033218
29295.7527958648, 0.0946175164094336
29295.7538828963, 0.0946177457352803
29295.7549696679, 0.0946178856544272
29295.7560562575, 0.0946179339770256
29295.7571427486, 0.0946178894695113
29295.7582292401, 0.0946177518627971
29295.7593158113, 0.094617521856728
29295.7604025642, 0.0946172011060075
29295.7614896086, 0.0946167921995268
29295.7625769975, 0.0946162986619471
29295.763664799, 0.0946157248981571
29295.7647530677, 0.0946150761596521
29295.7658418131, 0.0946143585161615
29295.7669310706, 0.0946135787532427
29295.7680208011, 0.094612744372912
29295.7691109915, 0.0946118634489608
29295.7702015737, 0.0946109446050312
29295.7712924752, 0.0946099968860744
29295.7723836174, 0.0946090296615409
29295.7734749063, 0.0946080525320061
29295.7745662557, 0.0946070752038407
29295.7756575451, 0.0946061074191738
29295.7767486772, 0.0946051587964263
29295.7778395451, 0
29295.7789300703, 0
29295.7800201783, 0
29295.7811098062, 0
29295.7821989158, 0
29295.7832874837, 0
29295.7843755011, 0
29295.7854629854, 0
29295.7865499806, 0
29295.7876365441, 0
29295.7887227513, 0
29295.7898086906, 0
29295.7908944694, 0
29295.7919801762, 0
29295.7930659218, 0
29295.7941518025, 0
29295.7952379299, 0
29295.7963243706, 0
29295.797411205, 0
29295.7984984958, 0
29295.7995862534, 0
29295.8006744871, 0
29295.8017631942, 0
29295.8028523514, 0.0946030340505868
29295.803941902, 0.0946038262137266
29295.8050317723, 0.0946046421217549
29295.8061218957, 0.0946054723013706
29295.8072121708, 0.0946063070912488
29295.8083024998, 0.0946071367769393
29295.8093927889, 0.0946079516991879
29295.8104829516, 0.0946087423637086
29295.811572892, 0.0946094995342226
29295.8126625295, 0.094610214353128
29295.813751829, 0.0946108784553652
29295.8148407364, 0.0946114840154616
29295.8159292322, 0.0946120238639559
29295.8170173113, 0.0946124915475408
29295.8181049811, 0.094612881393971
29295.8191922869, 0.0946131885748112
29295.8202792731, 0.0946134091361532
29295.8213660156, 0.0946135400429952
29295.8224525886, 0.094613579197965
29295.8235390772, 0.0946135254621552
29295.8246255838, 0.0946133786605383
29295.8257121927, 0.0946131395850865
29295.8267989864, 0.0946128099878908
29295.8278860607, 0.0946123925566052
29295.8289735013, 0.0946118908927867
29295.8300613553, 0.0946113094946269
29295.8311496655, 0.0946106537021225
29295.8322384648, 0.0946099296462198
29295.8333277537, 0.0946091442045718
29295.8344175277, 0.0946083049164543
29295.8355077462, 0.0946074199294052
29295.8365983541, 0.0946064979015418
29295.8376892933, 0.0946055478994137
29295.8387804585, 0.0946045793405795
29295.8398717727, 0.0946036018256961
29295.8409631303, 0.0946026250826955
29295.8420544182, 0.0946016588406879
29295.8431455385, 0.0946007127018812
29295.8442363887, 0
29295.8453268813, 0
29295.8464169455, 0
29295.8475065191, 0
29295.8485955613, 0
29295.8496840543, 0
29295.8507719966, 0
29295.8518594338, 0
29295.8529463811, 0
29295.8540328918, 0
29295.8551190669, 0
29295.8562049839, 0
29295.8572907414, 0
29295.858376454, 0
29295.8594622051, 0
29295.8605481078, 0
29295.8616342437, 0
29295.8627207135, 0
29295.8638075788, 0
29295.8648948976, 0
29295.8659826961, 0
29295.8670709762, 0
29295.8681597353, 0
29295.8692489274, 0.0945987573624992
29295.8703385086, 0.0945995521962703
29295.8714283958, 0.0946003698396664
29295.8725185221, 0.0946012007993364
29295.8736087969, 0.0946020354129754
29295.8746991105, 0.0946028639585023
29295.8757893856, 0.0946036768011778
29295.8768795169, 0.0946044644551407
29295.8779694192, 0.0946052177247736
29295.8790590201, 0.0946059278002168
29295.8801482507, 0.0946065863470092
29295.881237091, 0.0946071856223287
29295.8823255245, 0.0946077185252871
29295.8834135361, 0.0946081786724727
29295.8845011463, 0.0946085604776739
29295.8855883987, 0.0946088591964157
29295.8866753451, 0.0946090709648706
29295.8877620456, 0.094609192837296
29295.8888485781, 0.0946092228129283
29295.8899350426, 0.0946091598484533
29295.8910215259, 0.0946090038652953
29295.8921081162, 0.0946087557514048
29295.8931949086, 0.0946084173489932
29295.8942819786, 0.0946079914433728
29295.8953694159, 0.0946074817244103
29295.8964572768, 0.0946068927703932
29295.8975455927, 0.0946062300067766
29295.8986343996, 0.0946054996367943
29295.8997237034, 0.0946047086011421
29295.9008134823, 0.0946038645114325
29295.9019037087, 0.0946029755573098
29295.9029943356, 0.0946020504320622
29295.9040852677, 0.0946010982677898
29295.9051764377, 0.0946001284727822
29295.9062677298, 0.0945991506956109
29295.9073590651, 0.0945981746433326
29295.908450324, 0.0945972100437658
29295.9095413993, 0.094596266488975
29295.9106321894, 0
29295.9117226088, 0
29295.9128125973, 0
29295.9139020919, 0
29295.9149910578, 0
29295.9160794664, 0
29295.9171673307, 0
29295.9182546696, 0
29295.9193415437, 0
29295.9204280044, 0
29295.9215141354, 0
29295.9226000188, 0
29295.9236857454, 0
29295.9247714254, 0
29295.9258571702, 0
29295.9269430742, 0
29295.9280292416, 0
29295.9291157454, 0
29295.930202652, 0
29295.9312900121, 0
29295.9323778553, 0
29295.9334661806, 0
29295.9345549856, 0
29295.9356442364, 0.0945944801608444
29295.9367338729, 0.0945952775745707
29295.937823809, 0.0945960968680638
29295.9389139717, 0.0945969285243699
29295.9400042668, 0.0945977628698646
29295.941094596, 0.094598590193478
29295.9421848593, 0.0945994008565111
29295.943274976, 0.0946001854151529
29295.944364853, 0.0946009347019752
29295.9454544288, 0.094601639957824
29295.9465436446, 0.0946022929058696
29295.9476324695, 0.0946028858558917
29295.948720861, 0.0946034117632577
29295.9498088497, 0.0946038643421817
29295.9508964438, 0.0946042380796101
29295.9519836873, 0.0946045283155034
29295.9530706227, 0.0946047312731955
29295.9541573071, 0.0946048441006688
29295.9552438314, 0.0946048648938801
29295.956330289, 0.0946047927050736
29295.9574167688, 0.0946046275522919
29295.9585033606, 0.0946043704189513
29295.959590156, 0.0946040232422725
29295.9606772312, 0.0946035888996805
29295.9617646785, 0.0946030711683258
29295.9628525381, 0.0946024747197347
29295.9639408708, 0.0946018050420539
29295.9650296961, 0.0946010684203537
29295.9661190074, 0.0946002718711963
29295.9672088038, 0.0945994230500109
29295.9682990485, 0.0945985302034933
29295.9693896662, 0.094597602091187
29295.970480613, 0.094596647833933
29295.9715717676, 0.0945956769099955
29295.9726630487, 0.0945946989502021
29295.9737543525, 0.0945937236861046
29295.9748455603, 0.0945927608358044
29295.9759365829, 0.0945918199564567
29295.9770273083, 0
29295.978117658, 0
29295.9792075665, 0
29295.9802969814, 0
29295.9813858508, 0
29295.9824741706, 0
29295.9835619507, 0
29295.9846492163, 0
29295.985736014, 0
29295.9868223925, 0
29295.9879084463, 0
29295.9889942608, 0
29295.9900799404, 0
29295.9911655922, 0
29295.992251326, 0
29295.9933372354, 0
29295.9944234018, 0
29295.9955099247, 0
29295.9965968702, 0
29295.9976842806, 0
29295.9987721805, 0
29295.9998605692, 0
29296.0009494426, 0
29296.0020387515, 0.0945902025352353
29296.0031284229, 0.094591002416217
29296.0042184019, 0.0945918232553797
29296.0053085932, 0.0945926555017481
29296.0063989036, 0.0945934894752794
29296.0074892498, 0.0945943154798506
29296.0085795237, 0.0945951238846355
29296.0096696391, 0.0945959052661766
29296.0107595074, 0.094596650495236
29296.0118490689, 0.0945973508580367
29296.0129382811, 0.0945979981407449
29296.0140270891, 0.0945985846999903
29296.0151154835, 0.0945991035769149
29296.0162034619, 0.0945995485446497
29296.0172910558, 0.0945999141813702
29296.0183782851, 0.0946001959057502
29296.0194652213, 0.0946003900391192
29296.02055192, 0.094600493819541
29296.0216384726, 0.094600505435302
29296.0227249505, 0.0946004240347254
29296.0238114521, 0.0946002497334325
29296.0248980641, 0.0945999836120365
29296.0259848891, 0.0945996276991371
29296.0270720187, 0.094599184955377
29296.0281595062, 0.094598659261242
29296.0292474247, 0.0945980553563296
29296.0303358157, 0.0945973788167399
29296.0314247001, 0.0945966359995037
29296.032514071, 0.0945958339874198
29296.0336039226, 0.094594980498197
29296.0346941999, 0.0945940838445537
29296.035784856, 0.0945931528046582
29296.0368758053, 0.094592196567818
29296.0379669548, 0.0945912246102268
29296.0390582278, 0.0945902465697784
29296.0401495053, 0.0945892721928055
29296.0412406918, 0.0945883111673352
29296.042331661, 0.0945873730625975
29296.043422339, 0
29296.0445126347, 0
29296.0456024749, 0
29296.0466918047, 0
29296.0477805965, 0
29296.0488688273, 0
29296.0499565191, 0
29296.0510436973, 0
29296.0521304107, 0
29296.0532167195, 0
29296.0543027039, 0
29296.0553884659, 0
29296.0564741027, 0
29296.0575597289, 0
29296.0586454371, 0
29296.0597313414, 0
29296.0608175458, 0
29296.0619041163, 0
29296.0629911027, 0
29296.064078561, 0
29296.0651665157, 0
29296.0662549568, 0
29296.0673438686, 0
29296.0684332005, 0.0945859244778972
29296.0695229078, 0.0945867267438679
29296.0706129094, 0.0945875490284516
29296.071703119, 0.0945883817709476
29296.0727934351, 0.0945892152787802
29296.0738837761, 0.0945900398618067
29296.074974043, 0.0945908459112897
29296.0760641632, 0.0945916240387178
29296.0771540333, 0.0945923651387959
29296.0782435961, 0.0945930605439061
29296.0793327935, 0.0945937020846287
29296.0804215838, 0.0945942821885579
29296.0815099612, 0.0945947939683488
29296.0825979309, 0.0945952312757681
29296.0836855075, 0.0945955887641551
29296.0847727371, 0.0945958619469443
29296.0858596572, 0.0945960472278849
29296.0869463488, 0.0945961419447835
29296.0880328965, 0.0945961443805318
29296.0891193865, 0.0945960537790391
29296.0902059314, 0.0945958703464902
29296.0912925978, 0.0945955952587787
29296.0923794864, 0.0945952306376863
29296.0934666909, 0.0945947795331129
29296.0945542625, 0.0945942459129578
29296.095642275, 0.094593634598433
29296.0967307563, 0.0945929512512403
29296.0978197364, 0.094592202294971
29296.0989091867, 0.0945913948936713
29296.0999991147, 0.0945905368140472
29296.1010894582, 0.0945896364247195
29296.1021801706, 0.0945887025449454
29296.1032711445, 0.0945877444147623
29296.1043623306, 0.0945867714934208
29296.1054536144, 0.0945857934634452
29296.1065448932, 0.0945848200567436
29296.1076360651, 0.0945838609564264
29296.1087270253, 0.0945829256919926
29296.1098176852, 0
29296.1109079469, 0
29296.1119977541, 0
29296.11308704, 0
29296.1141757758, 0
29296.1152639466, 0
29296.1163515729, 0
29296.1174386759, 0
29296.118525315, 0
29296.1196115495, 0
29296.1206974769, 0
29296.1217831984, 0
29296.1228688107, 0
29296.1239544213, 0
29296.1250401445, 0
29296.1261260622, 0
29296.1272122882, 0
29296.1282988839, 0
29296.1293859191, 0
29296.1304734139, 0
29296.1315614013, 0
29296.1326498668, 0
29296.1337388061, 0
29296.134828163, 0.0945816460240308
29296.1359178725, 0.0945824505669176
29296.1370078845, 0.0945832742016039
29296.138098094, 0.094584107338031
29296.1391884102, 0.0945849402869661
29296.1402787515, 0.094585763363667
29296.1413690139, 0.0945865669716808
29296.1424591084, 0.0945873417374918
29296.1435489605, 0.0945880786131383
29296.1446384942, 0.0945887689643266
29296.1457276698, 0.0945894046877725
29296.1468164446, 0.0945899782721796
29296.1479047982, 0.0945904828924309
29296.1489927332, 0.0945909124778046
29296.1500802701, 0.0945912617683952
29296.1511674633, 0.0945915263681754
29296.152254358, 0.0945917027731214
29296.1533410375, 0.0945917884133378
29296.1544275786, 0.0945917816657457
29296.155514095, 0.094591681867345
29296.1566006552, 0.0945914893236101
29296.1576873748, 0.0945912052958182
29296.1587743291, 0.0945908320012514
29296.1598616224, 0.0945903725741637
29296.1609493007, 0.094589831068516
29296.1620374216, 0.0945892123952726
29296.1631260053, 0.094588522299315
29296.1642150855, 0.0945877672744432
29296.165304639, 0.0945869545458352
29296.166394642, 0.0945860919620878
29296.1674850634, 0.0945851879172885
29296.1685758348, 0.0945842512887226
29296.1696668702, 0.0945832913289633
29296.1707580858, 0.0945823175481832
29296.1718493843, 0.094581339623678
29296.1729406687, 0.0945803672815168
29296.1740318324, 0.0945794101972655
29296.1751227763, 0.0945784778735844
29296.1762134003, 0
29296.1773036322, 0
29296.178393388, 0
29296.1794826252, 0
29296.1805713131, 0
29296.1816594311, 0
29296.1827470029, 0
29296.183834077, 0
29296.1849206814, 0
29296.1860068961, 0
29296.187092814, 0
29296.1881785359, 0
29296.1892641734, 0
29296.1903498203, 0
29296.1914355779, 0
29296.1925215484, 0
29296.1936078249, 0
29296.1946944757, 0
29296.1957815564, 0
29296.1968691031, 0
29296.1979571309, 0
29296.1990456404, 0
29296.200134604, 0.00391751460881096
29296.2012239718, 0.0945773670922417
29296.2023137045, 0.094578173829676
29296.2034037225, 0.0945789987102464
29296.204493949, 0.0945798321509969
29296.2055842836, 0.0945806644514726
29296.2066746273, 0.0945814859207156
29296.2077649088, 0.0945822870035816
29296.2088550104, 0.0945830583322937
29296.2099448631, 0.0945837909004584
29296.2110343997, 0.0945844761259796
29296.2121235651, 0.0945851059514927
29296.2132123195, 0.0945856729325503
29296.2143006485, 0.0945861703192321
29296.2153885478, 0.0945865921166101
29296.2164760526, 0.0945869331546704
29296.2175632179, 0.0945871891248704
29296.2186500989, 0.094587356615575
29296.2197367747, 0.0945874331482038
29296.2208233222, 0.0945874171942174
29296.2219098482, 0.0945873081867498
29296.2229964469, 0.0945871065226926
29296.2240832074, 0.0945868135608706
29296.2251702252, 0.0945864316050211
29296.2262575755, 0.0945859638892494
29296.2273453187, 0.0945854145494543
29296.2284335101, 0.0945847885792264
29296.2295221698, 0.0945840918000613
29296.2306113107, 0.0945833307909485
29296.2317009295, 0.0945825128278833
29296.2327909984, 0.0945816458181061
29296.2338814641, 0.0945807382217587
29296.2349722637, 0.0945797989517813
29296.2360633254, 0.0945788372774832
29296.2371545563, 0.0945778627357776
29296.2382458568, 0.0945768850147567
29296.2393371287, 0.0945759138396598
29296.2404282702, 0.0945749588689383
29296.2415191772, 0.0945740295864129
29296.2426097532, 0
29296.2436999326, 0
29296.2447896284, 0
29296.2458788147, 0
29296.2469674479, 0
29296.2480555269, 0
29296.2491430717, 0
29296.2502301104, 0
29296.2513166948, 0
29296.2524029111, 0
29296.2534888573, 0
29296.2545746139, 0
29296.255660286, 0
29296.2567459709, 0
29296.2578317798, 0
29296.2589177993, 0
29296.2600041333, 0
29296.2610908355, 0
29296.2621779618, 0
29296.2632655545, 0
29296.2643536317, 0
29296.2654421857, 0
29296.2665311868, 0.0945723053699276
29296.2676206049, 0.0945730876109332
29296.2687103777, 0.0945738964542332
29296.2698004338, 0.0945747225013911
29296.2708906991, 0.0945755561583963
29296.2719810656, 0.0945763877161857
29296.2730714327, 0.0945772074900944
29296.2741617308, 0.0945780059443814
29296.2752518342, 0.0945787737344462
29296.2763416791, 0.09457950189624
29296.277431202, 0.0945801818983336
29296.2785203523, 0.0945808057427762
29296.2796090793, 0.0945813660440139
29296.2806973853, 0.0945818561329356
29296.2817852791, 0.094582270096363
29296.2828727745, 0.0945826028381413
29296.2839599374, 0.0945828501409892
29296.2850468159, 0.0945830086829066
29296.2861334879, 0.094583076080282
29296.2872200563, 0.0945830509000398
29296.288306602, 0.0945829326703825
29296.2893932212, 0.0945827218854935
29296.2904800075, 0.0945824199989596
29296.2915670572, 0.0945820294070007
29296.2926544429, 0.0945815534349771
29296.2937422146, 0.094580996311001
29296.2948304353, 0.0945803631079422
29296.295919134, 0.0945796597179597
29296.2970083041, 0.0945788928028857
29296.2980979564, 0.0945780696923056
29296.2991880531, 0.094577198356131
29296.3002785444, 0.0945762872986882
29296.3013693534, 0.0945753454822833
29296.3024604215, 0.0945743821931854
29296.3035516454, 0.0945734069951898
29296.3046429314, 0.0945724295785922
29296.3057341753, 0.0945714596705855
29296.3068252656, 0.0945705069242351
29296.3079161156, 0.0945695807833561
29296.3090066255, 0
29296.3100967167, 0
29296.3111863396, 0
29296.3122754363, 0
29296.313363981, 0
29296.3144519886, 0
29296.3155394758, 0
29296.3166264759, 0
29296.3177130421, 0
29296.3187992462, 0
29296.319885186, 0
29296.3209709456, 0
29296.3220566213, 0
29296.3231423192, 0
29296.3242281475, 0
29296.3253141969, 0
29296.3264005533, 0
29296.3274872795, 0
29296.3285744405, 0
29296.3296620646, 0
29296.3307501798, 0
29296.331838765, 0
29296.3329278118, 0.0945680223928443
29296.3340172688, 0.0945688075662261
29296.335107079, 0.0945696184244556
29296.3361971649, 0.0945704455422945
29296.3372874612, 0.0945712793199187
29296.3383778472, 0.0945721100367166
29296.339468232, 0.0945729280239909
29296.3405585107, 0.0945737237392948
29296.3416486135, 0.094574487908276
29296.342738441, 0.0945752115807337
29296.3438279465, 0.0945758862851607
29296.3449170589, 0.094576504069035
29296.3460057478, 0.0945770576248693
29296.3470940142, 0.0945775403552292
29296.3481818616, 0.0945779464241282
29296.3492693255, 0.0945782708270463
29296.3503564467, 0.0945785094274019
29296.351443304, 0.0945786590015367
29296.3525299718, 0.0945787172558906
29296.3536165336, 0.0945786828513512
29296.3547030835, 0.0945785554124299
29296.3557897032, 0.0945783355315571
29296.3568765012, 0.0945780247545742
29296.3579635603, 0.0945776255745004
29296.3590509562, 0.0945771414066322
29296.3601387556, 0.0945765765566386
29296.3612270096, 0.0945759361830118
29296.3623157359, 0.0945752262608857
29296.3634049385, 0.094574453515247
29296.3644946119, 0.0945736253499108
29296.3655847353, 0.094572749776578
29296.3666752402, 0.0945718353603849
29296.367766076, 0.0945708910781905
29296.3688571424, 0.0945699262788962
29296.3699483685, 0.0945689505150752
29296.3710396399, 0.0945679735014611
29296.3721308569, 0.094567004956934
29296.3732219086, 0.094566054518947
29296.3743127061, 0.0136516795051644
29296.3754031477, 0
29296.3764931609, 0
29296.3775826934, 0
29296.3786717051, 0
29296.3797601703, 0
29296.3808480832, 0
29296.3819354647, 0
29296.3830223695, 0
29296.3841088481, 0
29296.3851949846, 0
29296.3862808631, 0
29296.3873665869, 0
29296.3884522441, 0
29296.3895379337, 0
29296.3906237614, 0
29296.3917098258, 0
29296.3927961957, 0
29296.3938829535, 0
29296.3949701285, 0
29296.3960577697, 0
29296.3971458925, 0
29296.3982344999, 0
29296.3993235542, 0.0945637389608014
29296.4004130144, 0.0945645269598296
29296.4015028256, 0.0945653397242789
29296.4025929157, 0.0945661678116602
29296.4036831995, 0.0945670015960426
29296.4047735625, 0.094567831360868
29296.4058639277, 0.0945686474578707
29296.4069541843, 0.0945694403600967
29296.4080442368, 0.0945702008058547
29296.409134017, 0.0945709199076833
29296.4102234601, 0.094571589231952
29296.4113125074, 0.0945722008930979
29296.4124011449, 0.0945727476577189
29296.4134893489, 0.0945732229885939
29296.4145771372, 0.0945736211361137
29296.4156645436, 0.094573937179491
29296.4167516155, 0.0945741670725319
29296.4178384325, 0.0945743076825861
29296.418925059, 0.0945743568096266
29296.4200115988, 0.0945743132105272
29296.4210981431, 0.0945741766033311
29296.4221847794, 0.0945739476725341
29296.4232716084, 0.0945736280571846
29296.4243587019, 0.0945732203454777
29296.4254461404, 0.094572728040375
29296.4265339842, 0.0945721555358744
29296.4276222869, 0.0945715080701722
29296.4287110682, 0.0945707916919905
29296.4298003365, 0.0945700131909966
29296.4308900671, 0.0945691800462755
29296.4319802392, 0.0945683003242041
29296.4330707924, 0.094567382628738
29296.4341616676, 0.0945664359796179
29296.4352527757, 0.0945654697422684
29296.4363440172, 0.0945644935103944
29296.4374353034, 0.0945635169813769
29296.4385265189, 0.0945625498827034
29296.4396175621, 0.0945616018278417
29296.4407083285, 0
29296.4417987346, 0
29296.4428886897, 0
29296.4439781588, 0
29296.4450670868, 0
29296.4461554597, 0
29296.4472432839, 0
29296.4483305819, 0
29296.4494174089, 0
29296.4505038246, 0
29296.4515899022, 0
29296.4526757289, 0
29296.4537614154, 0
29296.4548470471, 0
29296.455932722, 0
29296.4570185474, 0
29296.4581046083, 0
29296.459191, 0
29296.4602777734, 0
29296.4613649844, 0
29296.4624526554, 0
29296.4635408077, 0
29296.4646294294, 0
29296.4657185025, 0.0945594551708641
29296.4668079654, 0.0945602459100047
29296.4678977786, 0.0945610604939122
29296.4689878533, 0.0945618894468514
29296.4700781008, 0.0945627231299208
29296.4711684282, 0.0945635518435834
29296.4722587507, 0.0945643659448513
29296.4733489697, 0.0945651559372011
29296.4744389815, 0.0945659125841444
29296.4755287159, 0.0945666270380158
29296.4766181043, 0.0945672909136426
29296.4777070977, 0.0945678963908022
29296.4787956767, 0.0945684362999945
29296.4798838238, 0.0945689041811831
29296.48097156, 0.0945692943656338
29296.4820589291, 0.0945696020194673
29296.4831459656, 0.0945698231808306
29296.4842327522, 0.0945699548102398
29296.4853193673, 0.0945699948024833
29296.4864059024, 0.0945699420081742
29296.4874924312, 0.0945697962448799
29296.4885790795, 0.0945695582875279
29296.4896659347, 0.0945692298690076
29296.4907530687, 0.0945688136677786
29296.4918405634, 0.0945683132732357
29296.4929284685, 0.0945677331680606
29296.4940168296, 0.0945670786755638
29296.4951056857, 0.0945663559064876
29296.4961950245, 0.0945655717314727
29296.4972848288, 0.0945647336851627
29296.498375059, 0.0945638499014947
29296.4994656722, 0.0945629290149281
29296.5004286387, 0.0945620925299148

